1
1
17
255
253
44
192
73
180
1
5
81
3
11
7
115
156
2
59
182
17
0.002
0.002
0.002
0.002
0.002
0.002
0
0
0.002
0
0
0
0.002
0.002
0
0.002
0.002
0
,
2
1
18
45
192
254
221
256
252
260
8
193
184
204
12
6
201
4
115
58
183
18
0.002
0.002
0.002
0.002
0.002
0.002
0.002
0.002
0.002
0.002
0.002
0.002
0
0.002
0
0.002
0.002
0.002
0
,
3
1
8
114
210
134
235
4
81
17
198
8
0.002
0.002
0.002
0.002
0
0.002
0.002
0.002
0
,
4
1
15
153
254
115
27
221
82
135
210
3
72
114
68
18
69
183
15
0.002
0.002
0.002
0.002
0.002
0.002
0.002
0.002
0
0.002
0.002
0.002
0.002
0.002
0.002
0
,
5
1
14
75
52
197
21
11
255
204
44
46
188
9
77
253
202
14
0.002
0.002
0.002
0.002
0
0.002
0.002
0.002
0.002
0.002
0
0.002
0.002
0.002
0
,
6
1
21
74
76
204
199
189
65
256
16
20
40
181
78
22
6
79
45
244
10
43
248
12
21
0.002
0.002
0.002
0.002
0.002
0.002
0.002
0.002
0.002
0.002
0.002
0.002
0.002
0
0.002
0.002
0.002
0.002
0.002
0.002
0.002
0
,
7
1
10
44
41
232
116
11
197
1
8
73
59
10
0.002
0.002
0.002
0.002
0
0.002
0
0
0.002
0.002
0
,
8
1
19
12
88
256
45
66
51
254
240
137
244
116
173
41
47
14
8
196
192
43
19
0
0.002
0.002
0.002
0.002
0.002
0.002
0.002
0.002
0.002
0.002
0.002
0.002
0.002
0.002
0
0.002
0.002
0.002
0
,
9
1
14
73
19
41
18
77
5
9
21
85
10
60
40
253
13
14
0.002
0.002
0.002
0.002
0.002
0
0
0.002
0.002
0
0.002
0.002
0.002
0.002
0
,
10
1
13
74
17
20
6
198
41
40
18
204
254
45
78
213
13
0.002
0
0
0
0.002
0.002
0.002
0
0.002
0.002
0.002
0.002
0.002
0
,
11
1
25
42
15
50
182
44
41
7
21
40
75
5
46
183
77
78
47
51
117
116
63
1
18
12
13
48
25
0.002
0.002
0.002
0.002
0.002
0.002
0
0.002
0.002
0.002
0
0.002
0.002
0.002
0.002
0.002
0.002
0.002
0.002
0.002
0
0.002
0
0
0.002
0
,
12
1
15
45
43
8
51
16
183
47
78
22
74
41
77
14
17
12
15
0.002
0.002
0
0.002
0
0.002
0.002
0.002
0
0.002
0.002
0.002
0
0
0
0
,
13
1
38
232
11
77
7
185
201
44
22
200
40
226
193
13
41
42
50
21
19
5
113
79
191
224
225
78
117
9
46
198
1
18
114
2
205
246
214
234
206
38
0.002
0
0.002
0
0.002
0.002
0.002
0
0.002
0.002
0.002
0.002
0
0.002
0.002
0.002
0
-1
0
0.002
0.002
0.002
0.002
0.002
0.002
0.002
0
0.002
0.002
0
0
0.002
0
0.002
0.002
0.002
0.002
0.002
0
,
14
1
35
21
200
41
231
45
78
40
8
185
193
12
113
5
248
43
22
77
47
223
197
57
227
190
52
225
75
51
114
2
1
205
245
235
207
180
35
0.002
0.002
0.002
0.002
0.002
0.002
0.002
0
0.002
0.002
0.002
0.002
0
0.002
0.002
0.002
0.002
0.002
0.002
0.002
0.002
0.002
0.002
0.002
0.002
0.002
0.002
0.002
0
0
0.002
0.002
0.002
0.002
0.002
0
,
15
1
9
11
50
63
255
24
62
243
240
42
9
0
0.002
0.002
0.002
0.002
0.002
0.002
0.002
0.002
0
,
16
1
12
51
116
16
221
256
76
204
183
244
88
49
70
12
0.002
0.002
0.002
0.002
0.002
0.002
0.002
0.002
0.002
0.002
0.002
0.002
0
,
17
1
8
20
67
53
79
191
18
85
43
8
0.002
0.002
0.002
0.002
0.002
0.002
0.002
0.002
0
,
18
1
8
18
9
53
42
79
188
46
52
8
0.002
0
0.002
0.002
0.002
0.002
0.002
0.002
0
,
19
1
14
40
77
46
78
9
41
75
52
80
199
73
20
200
69
14
0.002
0.002
0.002
0.002
0
0.002
0.002
0.002
0.002
0.002
0.002
0.002
0.002
0.002
0
,
20
1
14
74
41
10
78
6
40
14
199
46
43
53
76
47
201
14
0.002
0.002
0
0.002
0
0.002
-1
0.002
0.002
0.002
0.002
0.002
0.002
0.002
0
,
21
1
25
5
199
193
73
111
204
11
75
188
257
255
77
241
197
19
41
117
116
44
40
52
196
46
22
42
25
0
0.002
0.002
0.002
0.002
0.002
0
0.002
0.002
0.002
0.002
0.002
0.002
0.002
-1
0.002
0.002
0.002
0.002
0.002
0.002
0.002
0.002
0.002
0.002
0
,
22
1
21
191
20
74
6
199
13
117
116
204
198
111
76
197
12
53
61
246
79
239
45
43
21
0.002
0.002
0.002
0
0.002
0.002
0.002
0.002
0.002
0.002
0.002
0.002
0.002
0.002
0.002
0.002
0.002
0.002
0.002
0.002
0.002
0
,
23
1
9
51
48
7
16
59
194
61
54
117
9
0.002
0.002
0
0.002
0.002
0.002
0.002
0.002
0.002
0
,
24
1
15
195
179
60
85
15
234
24
3
232
231
81
72
184
242
209
15
0.002
0.002
0.002
0.002
0.002
0.002
0.002
0
0.002
0.002
0.002
0.002
0.002
0.002
0.002
0
,
25
1
7
82
184
256
221
72
232
59
7
0.002
0.002
0.002
0.002
0.002
0.002
0.002
0
,
26
1
4
242
246
247
197
4
0.002
0.002
0.002
0.002
0
,
27
1
12
221
4
239
233
227
198
246
241
26
245
178
184
12
0.002
0
0.002
0.002
0.002
0.002
0.002
0.002
0.002
0.002
0.002
0.002
0
,
28
1
14
237
181
204
188
111
180
14
80
174
66
69
70
56
198
14
0.002
0.002
0.002
0.002
0.002
0.002
0.002
0.002
0.002
0.002
0.002
0.002
0.002
0.002
0
,
29
1
14
237
181
204
188
111
180
14
80
174
66
69
70
56
198
14
0.002
0.002
0.002
0.002
0.002
0.002
0.002
0.002
0.002
0.002
0.002
0.002
0.002
0.002
0
,
30
1
8
54
57
172
56
262
181
59
55
8
0.002
0.002
0.002
0.002
0.002
0.002
0.002
0.002
0
,
31
1
18
58
55
59
54
158
159
293
264
164
66
112
64
65
62
180
69
111
275
18
0.002
0.002
0.002
0.002
0.002
0.002
0.002
0.002
0.002
0.002
0.002
0.002
0.002
0.002
0.002
0.002
0.002
0.002
0
,
32
1
18
58
55
59
54
158
159
293
264
164
66
112
64
65
62
180
69
111
275
18
0.002
0.002
0.002
0.002
0.002
0.002
0.002
0.002
0.002
0.002
0.002
0.002
0.002
0.002
0.002
0.002
0.002
0.002
0
,
33
1
18
58
55
59
54
158
159
293
264
164
66
112
64
65
62
180
69
111
275
18
0.002
0.002
0.002
0.002
0.002
0.002
0.002
0.002
0.002
0.002
0.002
0.002
0.002
0.002
0.002
0.002
0.002
0.002
0
,
34
1
18
58
55
59
54
158
159
293
264
164
66
112
64
65
62
180
69
111
275
18
0.002
0.002
0.002
0.002
0.002
0.002
0.002
0.002
0.002
0.002
0.002
0.002
0.002
0.002
0.002
0.002
0.002
0.002
0
,
35
1
18
58
55
59
54
158
159
293
264
164
66
112
64
65
62
180
69
111
275
18
0.002
0.002
0.002
0.002
0.002
0.002
0.002
0.002
0.002
0.002
0.002
0.002
0.002
0.002
0.002
0.002
0.002
0.002
0
,
36
1
18
58
55
59
54
158
159
293
264
164
66
112
64
65
62
180
69
111
275
18
0.002
0.002
0.002
0.002
0.002
0.002
0.002
0.002
0.002
0.002
0.002
0.002
0.002
0.002
0.002
0.002
0.002
0.002
0
,
37
1
18
58
55
59
54
158
159
293
264
164
66
112
64
65
62
180
69
111
275
18
0.002
0.002
0.002
0.002
0.002
0.002
0.002
0.002
0.002
0.002
0.002
0.002
0.002
0.002
0.002
0.002
0.002
0.002
0
,
38
1
18
58
55
59
54
158
159
293
264
164
66
112
64
65
62
180
69
111
275
18
0.002
0.002
0.002
0.002
0.002
0.002
0.002
0.002
0.002
0.002
0.002
0.002
0.002
0.002
0.002
0.002
0.002
0.002
0
,
39
1
18
58
55
59
54
158
159
293
264
164
66
112
64
65
62
180
69
111
275
18
0.002
0.002
0.002
0.002
0.002
0.002
0.002
0.002
0.002
0.002
0.002
0.002
0.002
0.002
0.002
0.002
0.002
0.002
0
,
40
1
15
41
78
21
7
18
11
9
75
17
20
73
10
47
42
77
15
0.002
0.002
0.002
0
-1
0
0
0.002
-1
-1
0.002
0
0.002
0.002
0.002
0
,
41
1
21
40
183
77
50
7
11
18
19
8
46
10
43
12
22
78
9
20
74
76
51
47
21
0.002
0.002
0.002
0.002
0
0.002
0.002
0.002
0.002
0.002
0.002
0.002
0.002
0.002
0.002
0.002
0.002
0.002
0.002
0.002
0.002
0
,
42
1
8
7
15
11
46
206
18
73
75
8
0
0.002
0.002
0.002
0.002
0.002
0.002
0.002
0
,
43
1
11
88
76
51
78
12
16
74
47
77
20
17
11
0.002
0.002
0.002
0.002
0.002
0.002
0.002
0.002
0.002
0.002
0.002
0
,
44
1
12
7
255
117
204
75
116
73
11
13
45
50
192
12
0
0.002
0.002
0.002
0.002
0.002
0.002
0
-1
0.002
0.002
0.002
0
,
45
1
21
181
8
67
78
2
196
173
221
63
41
65
76
116
45
204
47
6
13
51
61
193
21
0.002
0.002
0.002
0.002
0
0.002
0.002
0.002
0.002
0.002
0.002
0.002
0.002
0.002
0.002
0.002
0.002
0.002
0.002
0.002
0.002
0
,
46
1
5
17
77
255
74
78
5
0.002
0.002
0.002
0.002
0.002
0
,
47
1
4
4
12
78
227
4
0
0.002
0.002
0.002
0
,
48
1
9
11
50
40
183
15
182
206
49
134
9
0.002
0.002
0.002
0.002
0.002
0.002
0.002
0.002
0.002
0
,
49
1
5
116
16
23
48
183
5
0.002
0.002
0.002
0.002
0.002
0
,
50
1
11
48
11
15
116
182
44
41
42
46
51
65
11
0.002
0.002
0.002
0.002
0.002
0.002
0.002
0.002
0.002
0.002
0.002
0
,
51
1
9
183
16
49
116
48
66
117
51
221
9
0.002
0.002
0.002
0.002
0.002
0.002
0.002
0.002
0.002
0
,
52
1
12
5
190
255
18
14
204
111
132
77
212
75
53
12
0
0.002
0.002
0.002
0.002
0.002
0.002
0.002
0.002
0.002
0.002
0.002
0
,
53
1
11
191
6
256
111
199
189
74
17
18
79
76
11
0.002
0
0.002
0.002
0.002
0.002
0
-1
-1
0.002
0.002
0
,
54
1
76
72
232
13
226
192
260
193
201
137
188
44
7
255
28
234
111
190
200
242
180
224
80
52
66
77
225
27
68
174
1
156
113
231
114
115
4
3
181
82
221
164
112
55
167
163
59
173
60
58
61
57
54
172
56
165
264
138
263
31
64
63
175
176
168
169
69
139
179
257
230
228
292
184
262
274
67
76
0.002
0.002
-1
0.002
0.002
0.002
0.002
0.002
0.002
0.002
0.002
0
0.002
-1
0.002
0.002
0.002
0.002
0.002
0.002
0.002
0.002
0.002
0.002
0.002
0.002
-1
0.002
0.002
0
0.002
0.002
0.002
0.002
0.002
0
0
0.002
0.002
0.002
0.002
0.002
0.002
0.002
0.002
0.002
0.002
0.002
0.002
0.002
0.002
0.002
0.002
0.002
0.002
0.002
0.002
0.002
0.002
0.002
0.002
0.002
0.002
0.002
0.002
0.002
0.002
0.002
0.002
0.002
0.002
0.002
0.002
0.002
0.002
0.002
0
,
55
1
30
23
167
59
172
274
174
292
263
58
54
56
187
57
68
262
176
175
169
111
139
138
165
164
294
173
112
264
168
69
185
30
-1
0.002
0.002
0.002
0.002
0.002
0.002
0.002
0.002
0.002
0.002
0.002
0.002
0.002
0.002
0.002
0.002
0.002
0.002
0.002
0.002
0.002
0.002
0.002
0.002
0.002
0.002
0.002
0.002
0.002
0
,
56
1
51
72
68
28
195
62
44
232
174
260
184
221
180
13
201
7
8
258
256
255
231
173
227
75
63
2
1
253
191
66
196
181
67
200
113
69
115
111
114
59
65
172
274
292
54
64
183
57
239
194
55
190
51
0.002
0.002
-1
0.002
0.002
-1
0.002
0.002
0.002
0.002
0.002
0.002
-1
0.002
0
0
0.002
0.002
0.002
0.002
0.002
0.002
0.002
0.002
0
0
0.002
0.002
0.002
0.002
0.002
0.002
0.002
0.002
0.002
0.002
0.002
0.002
0.002
0.002
0.002
0.002
0.002
0.002
0.002
0.002
0.002
0.002
0.002
0.002
0.002
0
,
57
1
52
181
232
196
183
1
28
231
174
256
8
184
180
67
259
173
254
2
132
243
221
200
14
190
224
63
45
76
195
111
68
56
203
72
65
114
201
115
66
179
64
292
178
82
237
194
191
59
55
185
291
274
172
52
0.002
0.002
0.002
0.002
0
-1
0.002
0.002
0.002
0
0.002
0.002
0.002
0.002
0.002
0.002
0
0.002
0.002
0.002
0.002
-1
0.002
0.002
0.002
0.002
0.002
0.002
0.002
0.002
0.002
0.002
0.002
0.002
0.002
0.002
0.002
0.002
0.002
0.002
0.002
0.002
0.002
0.002
0.002
0.002
0.002
0.002
0.002
0.002
0.002
0.002
0
,
58
1
42
28
232
114
3
198
174
8
45
57
7
254
65
231
173
15
68
44
72
221
1
115
61
59
172
179
67
262
264
2
169
69
138
165
178
164
139
55
195
112
292
168
185
42
-1
0.002
0.002
0
0.002
0.002
0
-1
0.002
0
0.002
0.002
0.002
0.002
-1
0.002
-1
0.002
0.002
0
0.002
0.002
0.002
0.002
0.002
0.002
0.002
0.002
0
0.002
0.002
0.002
0.002
0.002
0.002
0.002
0.002
0.002
0.002
0.002
0.002
0.002
0
,
59
1
47
232
174
4
44
24
7
259
115
8
255
190
52
16
2
45
54
111
173
156
23
68
1
28
66
114
180
164
162
61
179
172
58
187
64
67
185
178
72
168
175
169
139
138
165
233
59
263
47
0.002
0.002
0
0.002
-1
0
0.002
0.002
0
0.002
0.002
0.002
-1
0
0.002
0.002
0.002
0.002
0.002
-1
0.002
0
-1
0.002
0.002
0.002
0.002
0.002
0.002
0.002
0.002
0.002
0.002
0.002
0.002
0.002
0.002
0.002
0.002
0.002
0.002
0.002
0.002
0.002
0.002
0.002
0.002
0
,
60
1
44
23
22
111
205
1
191
259
260
258
257
255
3
13
24
14
190
52
197
80
88
153
204
134
129
245
79
231
21
86
69
174
115
179
67
71
173
2
200
213
217
201
61
248
181
44
-1
-1
0.002
0.002
0
0.002
0.002
0.002
0.002
0.002
0.002
0
-1
-1
-1
0.002
0.002
0.002
0.002
0.002
0.002
0.002
0.002
0.002
0.002
0.002
0.002
-1
0.002
0.002
0.002
0.002
0.002
0.002
0.002
0.002
0
0.002
0.002
0.002
0.002
0.002
0.002
0.002
0
,
61
1
42
21
200
259
152
205
22
198
23
53
174
87
111
4
258
248
257
256
251
190
197
191
135
221
45
246
245
85
129
128
79
69
212
208
173
115
59
213
201
70
211
217
195
42
0.002
0.002
0.002
0.002
0.002
0.002
0.002
0.002
0.002
0.002
0.002
0.002
0
0.002
0.002
0.002
0.002
0.002
0.002
0.002
0.002
0.002
0.002
0.002
0.002
0.002
0.002
0.002
0.002
0.002
0.002
0.002
0.002
0.002
0.002
0.002
0.002
0.002
0.002
0.002
0.002
0.002
0
,
62
1
20
116
117
15
16
243
63
44
196
162
66
112
62
65
179
180
59
174
64
183
293
20
0.002
0.002
0.002
0.002
0.002
0.002
0.002
0.002
0.002
0.002
0.002
0.002
0.002
0.002
0.002
0.002
0.002
0.002
0.002
0.002
0
,
63
1
14
116
62
15
233
16
183
66
65
117
180
182
263
292
68
14
0.002
0.002
-1
0.002
-1
0.002
0.002
0.002
0.002
0.002
0.002
0.002
0.002
0.002
0
,
64
1
22
167
274
111
62
66
173
63
64
178
113
26
175
163
162
164
172
187
292
174
185
196
180
22
0.002
0.002
0.002
0.002
0.002
0.002
0.002
0.002
0.002
0.002
-1
0.002
0.002
0.002
0.002
0.002
0.002
0.002
0.002
0.002
0.002
0.002
0
,
65
1
30
244
3
81
15
45
67
117
174
72
181
162
55
113
292
63
65
180
58
66
82
62
6
172
178
59
112
164
68
165
293
30
0.002
0
0.002
-1
0.002
0.002
0.002
0.002
0.002
0.002
0.002
0.002
0.002
0.002
0.002
0.002
0.002
0.002
0.002
0.002
0.002
0
0.002
0.002
0.002
0.002
0.002
0.002
0.002
0.002
0
,
66
1
28
243
15
75
44
180
195
117
16
164
55
167
165
292
62
166
65
185
178
66
184
162
235
293
183
182
113
163
181
28
0.002
-1
0.002
0.002
0.002
0.002
0.002
-1
0.002
0.002
0.002
0.002
0.002
0.002
0.002
0.002
0.002
0.002
0.002
0.002
0.002
0.002
0.002
0.002
0.002
0.002
0.002
0.002
0
,
67
1
36
65
116
184
8
221
181
7
15
28
117
196
2
63
173
57
68
58
62
178
82
201
115
55
167
172
186
64
54
185
179
138
174
205
59
69
187
36
0.002
0.002
0.002
0
0.002
0.002
0
-1
-1
0.002
0.002
0
0.002
0.002
0.002
0.002
0.002
0.002
0.002
0.002
0.002
0.002
0.002
0.002
0.002
0.002
0.002
0.002
0.002
0.002
0.002
0.002
0.002
0.002
0.002
0.002
0
,
68
1
31
195
1
7
66
4
8
255
243
16
173
184
196
259
115
178
179
81
72
59
65
56
67
64
187
71
138
172
161
112
174
164
31
0.002
0
0
0.002
0
0
0.002
0.002
-1
0.002
0.002
0.002
0.002
0.002
0.002
0.002
0.002
0.002
0.002
0.002
0.002
0.002
0.002
0.002
0.002
0.002
0.002
0.002
0.002
0.002
0.002
0
,
69
1
26
198
219
205
185
218
201
70
113
60
177
161
160
69
186
72
71
242
244
241
180
243
181
292
111
275
197
26
0.002
0.002
0.002
0.002
0.002
0.002
0.002
0.002
0.002
0.002
0.002
0.002
0.002
0.002
0.002
0.002
0.002
0.002
0.002
0.002
0.002
0.002
0.002
0.002
0.002
0.002
0
,
70
1
22
198
219
185
200
205
193
210
211
197
71
21
218
56
70
244
192
241
201
242
180
182
160
22
0.002
0.002
0.002
0.002
0.002
0.002
0.002
0.002
0.002
0.002
-1
0.002
0.002
0.002
0.002
0.002
0.002
0.002
0.002
0.002
0.002
0.002
0
,
71
1
28
205
185
130
3
260
174
55
167
181
66
113
56
112
179
178
70
57
71
64
58
63
30
183
180
158
187
293
294
28
0.002
0.002
0.002
0.002
0.002
0.002
0.002
0.002
0.002
0.002
0.002
0.002
0.002
0.002
0.002
0.002
0.002
0.002
0.002
0.002
0.002
0.002
0.002
0.002
0.002
0.002
0.002
0.002
0
,
72
1
2
68
184
2
0.002
0.002
0
,
73
1
5
75
182
7
19
74
5
0.002
0.002
0
0.002
0.002
0
,
74
1
11
183
51
22
116
20
6
46
12
41
45
47
11
0.002
0.002
0.002
0.002
0.002
0
0.002
0.002
0.002
0.002
0.002
0
,
75
1
9
45
7
40
9
66
73
117
116
76
9
0.002
0
0.002
0
0.002
0.002
0.002
0.002
0.002
0
,
76
1
10
65
116
6
256
20
204
196
74
221
192
10
0.002
0.002
0
0.002
0.002
0.002
0.002
0.002
0.002
0.002
0
,
77
1
12
46
40
7
78
75
258
11
12
41
19
18
47
12
0.002
0.002
0
0.002
0.002
0.002
0
0
0.002
0.002
0.002
0.002
0
,
78
1
14
46
40
47
77
5
6
8
21
11
12
22
19
41
14
14
0.002
0.002
0.002
0.002
0
0
0
0.002
0.002
0.002
0.002
0.002
0.002
0.002
0
,
79
1
11
6
17
191
28
80
218
53
198
199
204
197
11
0
0.002
0.002
0.002
0.002
0.002
0.002
0.002
0.002
0.002
0.002
0
,
80
1
12
28
136
199
190
18
20
204
197
188
52
79
255
12
0.002
0.002
0.002
0.002
0.002
0.002
0.002
0.002
0.002
0.002
0.002
0.002
0
,
81
1
6
24
72
179
178
70
3
6
0.002
0.002
0.002
0.002
0.002
0
0
,
82
1
7
25
86
117
16
72
65
184
7
0.002
0.002
0.002
0.002
0.002
0.002
0.002
0
,
83
1
7
25
86
117
16
72
65
184
7
0.002
0.002
0.002
0.002
0.002
0.002
0.002
0
,
84
1
7
25
86
117
16
72
65
184
7
0.002
0.002
0.002
-1
0.002
0.002
0.002
0
,
85
1
20
152
179
255
18
188
220
48
24
234
15
253
237
205
199
3
193
192
212
61
154
20
0.002
0.002
0.002
0.002
0.002
0.002
0.002
0.002
0.002
0.002
0.002
0.002
0.002
0.002
0
0.002
0.002
0.002
0.002
0.002
0
,
86
1
12
25
4
254
256
86
133
258
193
85
153
88
155
12
0.002
0
0.002
0.002
0.002
0.002
0.002
0.002
0.002
0.002
0.002
0.002
0
,
87
1
14
152
24
189
259
251
248
192
190
205
210
223
199
208
156
14
0.002
0.002
0.002
0.002
0.002
0.002
0.002
0.002
0.002
0.002
0.002
0.002
0.002
0.002
0
,
88
1
22
51
25
244
247
184
153
16
4
254
196
17
205
189
46
47
79
199
260
82
8
157
137
22
0.002
0.002
0.002
0.002
0.002
0.002
-1
0
0.002
0.002
-1
0.002
0.002
0.002
0.002
0.002
0.002
0.002
0.002
0
0.002
0.002
0
,
89
1
22
51
25
244
247
184
153
16
4
254
196
17
205
189
46
47
79
199
260
82
8
157
137
22
0.002
0.002
0.002
0.002
0.002
0.002
-1
0
0.002
0.002
-1
0.002
0.002
0.002
0.002
0.002
0.002
0.002
0.002
0
0.002
0.002
0
,
90
1
22
51
25
244
247
184
153
16
4
254
196
17
205
189
46
47
79
199
260
82
8
157
137
22
0.002
0.002
0.002
0.002
0.002
0.002
-1
0
0.002
0.002
-1
0.002
0.002
0.002
0.002
0.002
0.002
0.002
0.002
0
0.002
0.002
0
,
91
1
22
51
25
244
247
184
153
16
4
254
196
17
205
189
46
47
79
199
260
82
8
157
137
22
0.002
0.002
0.002
0.002
0.002
0.002
-1
0
0.002
0.002
-1
0.002
0.002
0.002
0.002
0.002
0.002
0.002
0.002
0
0.002
0.002
0
,
92
1
22
51
25
244
247
184
153
16
4
254
196
17
205
189
46
47
79
199
260
82
8
157
137
22
0.002
0.002
0.002
0.002
0.002
0.002
-1
0
0.002
0.002
-1
0.002
0.002
0.002
0.002
0.002
0.002
0.002
0.002
0
0.002
0.002
0
,
93
1
22
51
25
244
247
184
153
16
4
254
196
17
205
189
46
47
79
199
260
82
8
157
137
22
0.002
0.002
0.002
0.002
0.002
0.002
-1
0
0.002
0.002
-1
0.002
0.002
0.002
0.002
0.002
0.002
0.002
0.002
0
0.002
0.002
0
,
94
1
22
51
25
244
247
184
153
16
4
254
196
17
205
189
46
47
79
199
260
82
8
157
137
22
0.002
0.002
0.002
0.002
0.002
0.002
-1
0
0.002
0.002
-1
0.002
0.002
0.002
0.002
0.002
0.002
0.002
0.002
0
0.002
0.002
0
,
95
1
22
51
25
244
247
184
153
16
4
254
196
17
205
189
46
47
79
199
260
82
8
157
137
22
0.002
0.002
0.002
0.002
0.002
0.002
-1
0
0.002
0.002
-1
0.002
0.002
0.002
0.002
0.002
0.002
0.002
0.002
0
0.002
0.002
0
,
96
1
22
51
25
244
247
184
153
16
4
254
196
17
205
189
46
47
79
199
260
82
8
157
137
22
0.002
0.002
0.002
0.002
0.002
0.002
-1
0
0.002
0.002
-1
0.002
0.002
0.002
0.002
0.002
0.002
0.002
0.002
0
0.002
0.002
0
,
97
1
22
51
25
244
247
184
153
16
4
254
196
17
205
189
46
47
79
199
260
82
8
157
137
22
0.002
0.002
0.002
0.002
0.002
0.002
-1
0
0.002
0.002
-1
0.002
0.002
0.002
0.002
0.002
0.002
0.002
0.002
0
0.002
0.002
0
,
98
1
22
51
25
244
247
184
153
16
4
254
196
17
205
189
46
47
79
199
260
82
8
157
137
22
0.002
0.002
0.002
0.002
0.002
0.002
-1
0
0.002
0.002
-1
0.002
0.002
0.002
0.002
0.002
0.002
0.002
0.002
0
0.002
0.002
0
,
99
1
22
51
25
244
247
184
153
16
4
254
196
17
205
189
46
47
79
199
260
82
8
157
137
22
0.002
0.002
0.002
0.002
0.002
0.002
-1
0
0.002
0.002
-1
0.002
0.002
0.002
0.002
0.002
0.002
0.002
0.002
0
0.002
0.002
0
,
100
1
22
51
25
244
247
184
153
16
4
254
196
17
205
189
46
47
79
199
260
82
8
157
137
22
0.002
0.002
0.002
0.002
0.002
0.002
-1
0
0.002
0.002
-1
0.002
0.002
0.002
0.002
0.002
0.002
0.002
0.002
0
0.002
0.002
0
,
101
1
22
51
25
244
247
184
153
16
4
254
196
17
205
189
46
47
79
199
260
82
8
157
137
22
0.002
0.002
0.002
0.002
0.002
0.002
-1
0
0.002
0.002
-1
0.002
0.002
0.002
0.002
0.002
0.002
0.002
0.002
0
0.002
0.002
0
,
102
1
22
51
25
244
247
184
153
16
4
254
196
17
205
189
46
47
79
199
260
82
8
157
137
22
0.002
0.002
0.002
0.002
0.002
0.002
-1
0
0.002
0.002
-1
0.002
0.002
0.002
0.002
0.002
0.002
0.002
0.002
0
0.002
0.002
0
,
103
1
22
51
25
244
247
184
153
16
4
254
196
17
205
189
46
47
79
199
260
82
8
157
137
22
0.002
0.002
0.002
0.002
0.002
0.002
-1
0
0.002
0.002
-1
0.002
0.002
0.002
0.002
0.002
0.002
0.002
0.002
0
0.002
0.002
0
,
104
1
22
51
25
244
247
184
153
16
4
254
196
17
205
189
46
47
79
199
260
82
8
157
137
22
0.002
0.002
0.002
0.002
0.002
0.002
-1
0
0.002
0.002
-1
0.002
0.002
0.002
0.002
0.002
0.002
0.002
0.002
0
0.002
0.002
0
,
105
1
22
51
25
244
247
184
153
16
4
254
196
17
205
189
46
47
79
199
260
82
8
157
137
22
0.002
0.002
0.002
0.002
0.002
0.002
-1
0
0.002
0.002
-1
0.002
0.002
0.002
0.002
0.002
0.002
0.002
0.002
0
0.002
0.002
0
,
106
1
22
51
25
244
247
184
153
16
4
254
196
17
205
189
46
47
79
199
260
82
8
157
137
22
0.002
0.002
0.002
0.002
0.002
0.002
-1
0
0.002
0.002
-1
0.002
0.002
0.002
0.002
0.002
0.002
0.002
0.002
0
0.002
0.002
0
,
107
1
22
51
25
244
247
184
153
16
4
254
196
17
205
189
46
47
79
199
260
82
8
157
137
22
0.002
0.002
0.002
0.002
0.002
0.002
-1
0
0.002
0.002
-1
0.002
0.002
0.002
0.002
0.002
0.002
0.002
0.002
0
0.002
0.002
0
,
108
1
22
51
25
244
247
184
153
16
4
254
196
17
205
189
46
47
79
199
260
82
8
157
137
22
0.002
0.002
0.002
0.002
0.002
0.002
-1
0
0.002
0.002
-1
0.002
0.002
0.002
0.002
0.002
0.002
0.002
0.002
0
0.002
0.002
0
,
109
1
22
51
25
244
247
184
153
16
4
254
196
17
205
189
46
47
79
199
260
82
8
157
137
22
0.002
0.002
0.002
0.002
0.002
0.002
-1
0
0.002
0.002
-1
0.002
0.002
0.002
0.002
0.002
0.002
0.002
0.002
0
0.002
0.002
0
,
110
1
22
51
25
244
247
184
153
16
4
254
196
17
205
189
46
47
79
199
260
82
8
157
137
22
0.002
-1
0.002
0.002
0.002
0.002
-1
0
0.002
0.002
-1
0.002
0.002
0.002
0.002
0.002
0.002
0.002
0.002
0
0.002
0.002
0
,
111
1
44
28
66
232
22
231
204
197
198
14
52
56
114
115
184
117
164
166
167
163
165
173
292
160
161
264
111
69
177
21
176
168
169
227
234
236
180
178
185
181
55
174
158
274
263
44
0.002
0.002
0.002
0.002
0.002
0.002
0.002
0.002
0.002
0.002
0.002
0.002
0.002
0.002
0.002
0.002
0.002
0.002
0.002
0.002
0.002
0.002
0.002
0.002
0.002
0.002
0.002
0.002
0.002
0.002
0.002
0.002
0.002
0.002
0.002
0.002
0.002
0.002
0.002
0.002
0.002
0.002
0.002
0.002
0
,
112
1
13
62
71
112
183
65
70
67
292
113
181
294
180
185
13
0.002
0.002
0.002
0.002
0.002
0.002
0.002
0.002
0.002
0.002
0.002
0.002
0.002
0
,
113
1
20
219
185
190
251
136
218
198
71
184
172
64
67
181
183
55
174
292
176
180
294
20
0.002
0.002
0.002
0.002
0.002
0.002
0.002
0.002
0.002
0.002
0.002
0.002
0.002
0.002
0.002
0.002
0.002
0.002
0.002
0.002
0
,
114
1
9
3
194
231
115
174
4
13
234
199
9
0.002
0.002
0.002
0.002
0.002
0.002
0.002
0.002
0.002
0
,
115
1
3
4
68
114
3
0
0.002
0.002
0
,
116
1
17
182
63
48
16
116
117
44
204
51
196
75
45
76
62
81
195
180
17
0.002
0.002
0.002
-1
0.002
0.002
0.002
0.002
0.002
0.002
0.002
0.002
0.002
0.002
0.002
0.002
0.002
0
,
117
1
17
182
16
255
19
116
63
76
48
49
62
196
45
82
71
181
57
179
17
0.002
-1
0.002
0.002
0.002
0.002
0.002
0.002
0.002
0.002
0.002
0.002
0.002
0.002
0.002
0.002
0.002
0
,
118
1
17
182
16
255
19
116
63
76
48
49
62
196
45
82
71
181
57
179
17
0.002
-1
0.002
0.002
0.002
0.002
0.002
0.002
0.002
0.002
0.002
0.002
0.002
0.002
0.002
0.002
0.002
0
,
119
1
17
182
16
255
19
116
63
76
48
49
62
196
45
82
71
181
57
179
17
0.002
-1
0.002
0.002
0.002
0.002
0.002
0.002
0.002
0.002
0.002
0.002
0.002
0.002
0.002
0.002
0.002
0
,
120
1
17
182
16
255
19
116
63
76
48
49
62
196
45
82
71
181
57
179
17
0.002
-1
0.002
0.002
0.002
0.002
0.002
0.002
0.002
0.002
0.002
0.002
0.002
0.002
0.002
0.002
0.002
0
,
121
1
17
182
16
255
19
116
63
76
48
49
62
196
45
82
71
181
57
179
17
0.002
-1
0.002
0.002
0.002
0.002
0.002
0.002
0.002
0.002
0.002
0.002
0.002
0.002
0.002
0.002
0.002
0
,
122
1
17
182
16
255
19
116
63
76
48
49
62
196
45
82
71
181
57
179
17
0.002
-1
0.002
0.002
0.002
0.002
0.002
0.002
0.002
0.002
0.002
0.002
0.002
0.002
0.002
0.002
0.002
0
,
123
1
17
182
16
255
19
116
63
76
48
49
62
196
45
82
71
181
57
179
17
0.002
-1
0.002
0.002
0.002
0.002
0.002
0.002
0.002
0.002
0.002
0.002
0.002
0.002
0.002
0.002
0.002
0
,
124
1
17
182
16
255
19
116
63
76
48
49
62
196
45
82
71
181
57
179
17
0.002
-1
0.002
0.002
0.002
0.002
0.002
0.002
0.002
0.002
0.002
0.002
0.002
0.002
0.002
0.002
0.002
0
,
125
1
17
182
16
255
19
116
63
76
48
49
62
196
45
82
71
181
57
179
17
0.002
0.002
0.002
0.002
0.002
0.002
0.002
0.002
0.002
0.002
0.002
0.002
0.002
0.002
0.002
0.002
0.002
0
,
126
1
9
257
255
249
85
227
132
127
128
217
9
0.002
0.002
0.002
0.002
0.002
0.002
0.002
0.002
0.002
0
,
127
1
13
133
258
250
86
153
184
155
254
208
213
127
129
217
13
0.002
0.002
0.002
0.002
0.002
0.002
0.002
0.002
0.002
0.002
0.002
0.002
0.002
0
,
128
1
10
213
253
251
134
130
211
3
216
210
202
10
0.002
0.002
0.002
0.002
0.002
0.002
0
0.002
0.002
0.002
0
,
129
1
13
208
4
210
254
252
131
135
212
222
189
127
86
215
13
0.002
0
0.002
0.002
0.002
0.002
0.002
0.002
0.002
0.002
0.002
0.002
0.002
0
,
130
1
10
136
87
251
152
184
130
259
208
131
214
10
0.002
0.002
0.002
0.002
0.002
0.002
0.002
0.002
0.002
0.002
0
,
131
1
8
88
137
260
252
234
153
157
184
8
0.002
0.002
0.002
0.002
0.002
0.002
0.002
0.002
0
,
132
1
4
126
85
132
249
4
0.002
0.002
0.002
0.002
0
,
133
1
6
13
127
27
221
250
214
6
-1
0.002
0.002
0.002
0.002
0.002
0
,
134
1
14
136
3
255
247
235
156
199
78
128
253
210
216
152
251
14
0.002
0
0.002
0.002
0.002
0.002
0.002
0.002
0.002
0.002
0.002
0.002
0.002
0.002
0
,
135
1
7
40
4
254
221
153
199
256
7
0.002
0.002
0.002
0.002
0.002
0.002
0.002
0
,
136
1
2
199
251
2
0.002
0.002
0
,
137
1
5
252
88
131
212
199
5
0.002
0.002
0.002
0.002
0.002
0
,
138
1
14
164
163
55
54
166
59
264
58
180
178
173
168
138
184
14
0.002
0.002
0.002
0.002
0.002
0.002
0.002
0.002
0.002
0.002
0.002
0.002
0.002
0.002
0
,
139
1
13
164
112
55
167
184
174
172
54
187
179
169
186
185
13
0.002
0.002
0.002
0.002
0.002
0.002
0.002
0.002
0.002
0.002
0.002
0.002
0.002
0
,
140
1
13
164
112
55
167
184
174
172
54
187
179
169
186
185
13
0.002
0.002
0.002
0.002
0.002
0.002
0.002
0.002
0.002
0.002
0.002
0.002
0.002
0
,
141
1
13
164
112
55
167
184
174
172
54
187
179
169
186
185
13
0.002
0.002
0.002
0.002
0.002
0.002
0.002
0.002
0.002
0.002
0.002
0.002
0.002
0
,
142
1
13
164
112
55
167
184
174
172
54
187
179
169
186
185
13
0.002
0.002
0.002
0.002
0.002
0.002
0.002
0.002
0.002
0.002
0.002
0.002
0.002
0
,
143
1
13
164
112
55
167
184
174
172
54
187
179
169
186
185
13
0.002
0.002
0.002
0.002
0.002
0.002
0.002
0.002
0.002
0.002
0.002
0.002
0.002
0
,
144
1
13
164
112
55
167
184
174
172
54
187
179
169
186
185
13
0.002
0.002
0.002
0.002
0.002
0.002
0.002
0.002
0.002
0.002
0.002
0.002
0.002
0
,
145
1
13
164
112
55
167
184
174
172
54
187
179
169
186
185
13
0.002
0.002
0.002
0.002
0.002
0.002
0.002
0.002
0.002
0.002
0.002
0.002
0.002
0
,
146
1
13
164
112
55
167
184
174
172
54
187
179
169
186
185
13
0.002
0.002
0.002
0.002
0.002
0.002
0.002
0.002
0.002
0.002
0.002
0.002
0.002
0
,
147
1
13
164
112
55
167
184
174
172
54
187
179
169
186
185
13
0.002
0.002
0.002
0.002
0.002
0.002
0.002
0.002
0.002
0.002
0.002
0.002
0.002
0
,
148
1
13
164
112
55
167
184
174
172
54
187
179
169
186
185
13
0.002
0.002
0.002
0.002
0.002
0.002
0.002
0.002
0.002
0.002
0.002
0.002
0.002
0
,
149
1
13
164
112
55
167
184
174
172
54
187
179
169
186
185
13
0.002
0.002
0.002
0.002
0.002
0.002
0.002
0.002
0.002
0.002
0.002
0.002
0.002
0
,
150
1
13
164
112
55
167
184
174
172
54
187
179
169
186
185
13
0.002
0.002
0.002
0.002
0.002
0.002
0.002
0.002
0.002
0.002
0.002
0.002
0.002
0
,
151
1
13
164
112
55
167
184
174
172
54
187
179
169
186
185
13
0.002
0.002
0.002
0.002
0.002
0.002
0.002
0.002
0.002
0.002
0.002
0.002
0.002
0
,
152
1
13
225
210
259
257
253
152
87
3
85
128
61
153
197
13
0.002
0.002
0.002
0.002
0.002
0.002
0.002
0
0.002
0.002
0.002
0.002
0.002
0
,
153
1
21
4
210
88
226
40
135
259
254
224
153
191
86
131
129
127
211
215
205
221
8
198
21
0
0.002
0.002
0.002
0.002
0.002
0.002
0.002
0.002
0.002
0.002
0.002
0.002
0.002
0.002
0.002
0.002
0.002
0.002
0
0.002
0
,
154
1
9
85
132
257
199
134
190
253
212
197
9
0.002
0.002
0.002
0.002
0.002
0.002
0.002
0.002
0.002
0
,
155
1
13
258
86
16
133
203
202
199
135
254
153
213
191
198
13
0.002
0.002
0.002
0.002
0.002
0.002
0.002
0.002
0.002
0.002
0.002
0.002
0.002
0
,
156
1
15
213
136
255
259
7
192
87
134
199
202
197
80
130
208
190
15
0.002
0.002
0.002
0.002
0
0.002
0.002
0.002
0.002
0.002
0.002
0.002
0.002
0.002
0.002
0
,
157
1
14
88
212
199
137
6
256
240
203
198
135
8
131
191
254
14
0.002
0.002
0.002
0.002
0.002
0.002
0.002
0.002
0.002
0.002
0.002
0.002
0.002
0.002
0
,
158
1
5
112
167
159
183
163
5
0.002
0.002
0.002
0.002
0.002
0
,
159
1
9
167
181
194
172
170
31
139
180
184
9
0.002
0.002
0.002
0.002
0.002
0.002
0.002
0.002
0.002
0
,
160
1
13
60
174
173
111
177
69
161
70
168
169
181
274
184
13
0.002
0.002
0.002
0.002
0.002
0.002
0.002
0.002
0.002
0.002
0.002
0.002
0.002
0
,
161
1
15
160
177
69
70
161
264
168
262
169
184
174
185
274
176
173
15
0.002
0.002
0.002
0.002
0.002
0.002
0.002
0.002
0.002
0.002
0.002
0.002
0.002
0.002
0.002
0
,
162
1
10
164
173
163
64
170
159
228
264
183
181
10
0.002
0.002
0.002
0.002
0.002
0.002
0.002
0.002
0.002
0.002
0
,
163
1
9
162
60
170
172
164
180
171
184
167
9
0.002
0.002
0.002
0.002
0.002
0.002
0.002
0.002
0.002
0
,
164
1
10
164
162
165
138
163
172
139
178
173
182
10
0.002
0.002
0.002
0.002
0.002
0.002
0.002
0.002
0.002
0.002
0
,
165
1
8
164
162
163
172
159
178
167
169
8
0.002
0.002
0.002
0.002
0.002
0.002
0.002
0.002
0
,
166
1
5
167
165
112
171
170
5
0.002
0.002
0.002
0.002
0.002
0
,
167
1
5
165
172
167
174
184
5
0.002
0.002
0.002
0.002
0.002
0
,
168
1
11
159
64
162
171
164
170
262
167
173
184
174
11
0.002
0.002
0.002
0.002
0.002
0.002
0.002
0.002
0.002
0.002
0.002
0
,
169
1
5
26
179
171
184
174
5
0.002
0.002
0.002
0.002
0.002
0
,
170
1
3
244
240
225
3
0.002
0.002
0.002
0
,
171
1
1
243
1
0.002
0
,
172
1
16
54
172
178
186
159
173
59
64
58
57
139
181
292
174
274
180
16
0.002
0.002
0.002
0.002
0.002
0.002
0.002
0.002
0.002
0.002
0.002
0.002
0.002
0.002
0.002
0.002
0
,
173
1
43
72
24
181
67
8
45
231
174
184
180
28
111
173
196
68
115
82
164
112
55
167
163
54
60
172
292
56
58
166
177
161
64
59
30
160
176
175
165
264
186
274
294
275
43
0.002
-1
0.002
0.002
0
0.002
0.002
0.002
0.002
0.002
-1
0.002
0.002
0.002
0.002
0.002
0.002
0.002
0.002
0.002
0.002
0.002
0.002
0.002
0.002
0.002
0.002
0.002
0.002
0.002
0.002
0.002
0.002
-1
0.002
0.002
0.002
0.002
0.002
0.002
0.002
0.002
0.002
0
,
174
1
37
181
25
24
180
28
173
68
72
196
56
114
112
55
167
163
165
172
264
294
59
54
187
161
177
184
111
67
63
176
175
275
186
239
174
263
274
185
37
0.002
0.002
0.002
0.002
0.002
0.002
0.002
0.002
0.002
0.002
0.002
0.002
0.002
0.002
0.002
0.002
0.002
0.002
0.002
0.002
0.002
0.002
0.002
0.002
0.002
0.002
0.002
0.002
0.002
0.002
0.002
0.002
0.002
0.002
0.002
0.002
0.002
0
,
175
1
3
176
174
262
3
0.002
0.002
0.002
0
,
176
1
3
174
175
113
3
0.002
0.002
0.002
0
,
177
1
5
160
70
161
177
184
5
0.002
0.002
0.002
0.002
0.002
0
,
178
1
17
72
82
81
62
138
54
186
172
66
178
57
187
139
164
179
185
180
17
0.002
0.002
0.002
0.002
0.002
0.002
0.002
0.002
0.002
0.002
0.002
0.002
0.002
0.002
0.002
0.002
0.002
0
,
179
1
21
16
82
72
81
117
178
179
67
163
56
274
263
186
167
58
64
181
184
185
187
294
21
-1
0.002
0.002
0.002
0.002
0.002
0.002
0.002
0.002
0.002
0.002
0.002
0.002
0.002
0.002
0.002
0.002
0.002
0.002
0.002
0.002
0
,
180
1
18
28
237
243
66
204
197
195
1
112
182
263
65
70
180
163
185
294
181
18
0.002
0.002
0.002
0.002
0.002
0.002
0.002
0
0.002
0.002
0.002
0.002
0.002
0.002
0.002
0.002
0.002
0.002
0
,
181
1
16
196
6
204
111
28
45
65
71
56
178
174
172
221
185
186
293
16
0.002
0
0.002
0.002
0.002
0.002
0.002
0.002
0.002
0.002
0.002
0.002
0.002
0.002
0.002
0.002
0
,
182
1
11
48
116
11
63
15
70
71
182
62
163
183
11
0.002
0.002
0.002
0.002
0.002
0.002
0.002
0.002
0.002
0.002
0.002
0
,
183
1
11
49
166
181
65
112
183
63
178
117
64
59
11
0.002
0.002
0.002
0.002
0.002
0.002
0.002
0.002
0.002
0.002
0.002
0
,
184
1
19
253
244
2
127
87
72
179
247
263
160
177
158
184
139
173
186
187
176
294
19
0.002
0.002
0
0.002
0.002
0.002
0.002
0.002
0.002
0.002
0.002
0.002
0.002
0.002
0.002
0.002
0.002
0.002
0.002
0
,
185
1
22
198
252
218
113
117
164
292
187
186
64
178
185
173
56
179
163
217
251
59
174
294
293
22
0.002
0.002
0.002
0.002
0.002
0.002
0.002
0.002
0.002
0.002
0.002
0.002
0.002
0.002
0.002
0.002
0.002
0.002
0.002
0.002
0.002
0.002
0
,
186
1
13
232
164
163
167
294
71
138
186
160
179
139
275
59
13
0.002
0.002
0.002
0.002
0.002
0.002
0.002
0.002
0.002
0.002
0.002
0.002
0.002
0
,
187
1
11
186
139
187
262
57
172
174
179
178
275
294
11
0.002
0.002
0.002
0.002
0.002
0.002
0.002
0.002
0.002
0.002
0.002
0
,
187
1
11
186
139
187
262
57
172
174
179
178
275
294
11
0.002
0.002
0.002
0.002
0.002
0.002
0.002
0.002
0.002
0.002
0.002
0
,
187
1
11
186
139
187
262
57
172
174
179
178
275
294
11
0.002
0.002
0.002
0.002
0.002
0.002
0.002
0.002
0.002
0.002
0.002
0
,
187
1
11
186
139
187
262
57
172
174
179
178
275
294
11
0.002
0.002
0.002
0.002
0.002
0.002
0.002
0.002
0.002
0.002
0.002
0
,
187
1
11
186
139
187
262
57
172
174
179
178
275
294
11
0.002
0.002
0.002
0.002
0.002
0.002
0.002
0.002
0.002
0.002
0.002
0
,
187
1
11
186
139
187
262
57
172
174
179
178
275
294
11
0.002
0.002
0.002
0.002
0.002
0.002
0.002
0.002
0.002
0.002
0.002
0
,
187
1
11
186
139
187
262
57
172
174
179
178
275
294
11
0.002
0.002
0.002
0.002
0.002
0.002
0.002
0.002
0.002
0.002
0.002
0
,
187
1
11
186
139
187
262
57
172
174
179
178
275
294
11
0.002
0.002
0.002
0.002
0.002
0.002
0.002
0.002
0.002
0.002
0.002
0
,
187
1
11
186
139
187
262
57
172
174
179
178
275
294
11
0.002
0.002
0.002
0.002
0.002
0.002
0.002
0.002
0.002
0.002
0.002
0
,
187
1
11
186
139
187
262
57
172
174
179
178
275
294
11
0.002
0.002
0.002
0.002
0.002
0.002
0.002
0.002
0.002
0.002
0.002
0
,
187
1
11
186
139
187
262
57
172
174
179
178
275
294
11
0.002
0.002
0.002
0.002
0.002
0.002
0.002
0.002
0.002
0.002
0.002
0
,
187
1
11
186
139
187
262
57
172
174
179
178
275
294
11
0.002
0.002
0.002
0.002
0.002
0.002
0.002
0.002
0.002
0.002
0.002
0
,
187
1
11
186
139
187
262
57
172
174
179
178
275
294
11
0.002
0.002
0.002
0.002
0.002
0.002
0.002
0.002
0.002
0.002
0.002
0
,
187
1
11
186
139
187
262
57
172
174
179
178
275
294
11
0.002
0.002
0.002
0.002
0.002
0.002
0.002
0.002
0.002
0.002
0.002
0
,
187
1
11
186
139
187
262
57
172
174
179
178
275
294
11
0.002
0.002
0.002
0.002
0.002
0.002
0.002
0.002
0.002
0.002
0.002
0
,
187
1
11
186
139
187
262
57
172
174
179
178
275
294
11
0.002
0.002
0.002
0.002
0.002
0.002
0.002
0.002
0.002
0.002
0.002
0
,
187
1
11
186
139
187
262
57
172
174
179
178
275
294
11
0.002
0.002
0.002
0.002
0.002
0.002
0.002
0.002
0.002
0.002
0.002
0
,
187
1
11
186
139
187
262
57
172
174
179
178
275
294
11
0.002
0.002
0.002
0.002
0.002
0.002
0.002
0.002
0.002
0.002
0.002
0
,
187
1
11
186
139
187
262
57
172
174
179
178
275
294
11
0.002
0.002
0.002
0.002
0.002
0.002
0.002
0.002
0.002
0.002
0.002
0
,
187
1
11
186
139
187
262
57
172
174
179
178
275
294
11
0.002
0.002
0.002
0.002
0.002
0.002
0.002
0.002
0.002
0.002
0.002
0
,
187
1
11
186
139
187
262
57
172
174
179
178
275
294
11
0.002
0.002
0.002
0.002
0.002
0.002
0.002
0.002
0.002
0.002
0.002
0
,
187
1
11
186
139
187
262
57
172
174
179
178
275
294
11
0.002
0.002
0.002
0.002
0.002
0.002
0.002
0.002
0.002
0.002
0.002
0
,
187
1
11
186
139
187
262
57
172
174
179
178
275
294
11
0.002
0.002
0.002
0.002
0.002
0.002
0.002
0.002
0.002
0.002
0.002
0
,
187
1
11
186
139
187
262
57
172
174
179
178
275
294
11
0.002
0.002
0.002
0.002
0.002
0.002
0.002
0.002
0.002
0.002
0.002
0
,
187
1
11
186
139
187
262
57
172
174
179
178
275
294
11
0.002
0.002
0.002
0.002
0.002
0.002
0.002
0.002
0.002
0.002
0.002
0
,
187
1
11
186
139
187
262
57
172
174
179
178
275
294
11
0.002
0.002
0.002
0.002
0.002
0.002
0.002
0.002
0.002
0.002
0.002
0
,
187
1
11
186
139
187
262
57
172
174
179
178
275
294
11
0.002
0.002
0.002
0.002
0.002
0.002
0.002
0.002
0.002
0.002
0.002
0
,
187
1
11
186
139
187
262
57
172
174
179
178
275
294
11
0.002
0.002
0.002
0.002
0.002
0.002
0.002
0.002
0.002
0.002
0.002
0
,
187
1
11
186
139
187
262
57
172
174
179
178
275
294
11
0.002
0.002
0.002
0.002
0.002
0.002
0.002
0.002
0.002
0.002
0.002
0
,
187
1
11
186
139
187
262
57
172
174
179
178
275
294
11
0.002
0.002
0.002
0.002
0.002
0.002
0.002
0.002
0.002
0.002
0.002
0
,
187
1
11
186
139
187
262
57
172
174
179
178
275
294
11
0.002
0.002
0.002
0.002
0.002
0.002
0.002
0.002
0.002
0.002
0.002
0
,
187
1
11
186
139
187
262
57
172
174
179
178
275
294
11
0.002
0.002
0.002
0.002
0.002
0.002
0.002
0.002
0.002
0.002
0.002
0
,
187
1
11
186
139
187
262
57
172
174
179
178
275
294
11
0.002
0.002
0.002
0.002
0.002
0.002
0.002
0.002
0.002
0.002
0.002
0
,
187
1
11
186
139
187
262
57
172
174
179
178
275
294
11
0.002
0.002
0.002
0.002
0.002
0.002
0.002
0.002
0.002
0.002
0.002
0
,
187
1
11
186
139
187
262
57
172
174
179
178
275
294
11
0.002
0.002
0.002
0.002
0.002
0.002
0.002
0.002
0.002
0.002
0.002
0
,
187
1
11
186
139
187
262
57
172
174
179
178
275
294
11
0.002
0.002
0.002
0.002
0.002
0.002
0.002
0.002
0.002
0.002
0.002
0
,
187
1
11
186
139
187
262
57
172
174
179
178
275
294
11
0.002
0.002
0.002
0.002
0.002
0.002
0.002
0.002
0.002
0.002
0.002
0
,
187
1
11
186
139
187
262
57
172
174
179
178
275
294
11
0.002
0.002
0.002
0.002
0.002
0.002
0.002
0.002
0.002
0.002
0.002
0
,
187
1
11
186
139
187
262
57
172
174
179
178
275
294
11
0.002
0.002
0.002
0.002
0.002
0.002
0.002
0.002
0.002
0.002
0.002
0
,
187
1
11
186
139
187
262
57
172
174
179
178
275
294
11
0.002
0.002
0.002
0.002
0.002
0.002
0.002
0.002
0.002
0.002
0.002
0
,
187
1
11
186
139
187
262
57
172
174
179
178
275
294
11
0.002
0.002
0.002
0.002
0.002
0.002
0.002
0.002
0.002
0.002
0.002
0
,
187
1
11
186
139
187
262
57
172
174
179
178
275
294
11
0.002
0.002
0.002
0.002
0.002
0.002
0.002
0.002
0.002
0.002
0.002
0
,
187
1
11
186
139
187
262
57
172
174
179
178
275
294
11
0.002
0.002
0.002
0.002
0.002
0.002
0.002
0.002
0.002
0.002
0.002
0
,
187
1
11
186
139
187
262
57
172
174
179
178
275
294
11
0.002
0.002
0.002
0.002
0.002
0.002
0.002
0.002
0.002
0.002
0.002
0
,
187
1
11
186
139
187
262
57
172
174
179
178
275
294
11
0.002
0.002
0.002
0.002
0.002
0.002
0.002
0.002
0.002
0.002
0.002
0
,
187
1
11
186
139
187
262
57
172
174
179
178
275
294
11
0.002
0.002
0.002
0.002
0.002
0.002
0.002
0.002
0.002
0.002
0.002
0
,
187
1
11
186
139
187
262
57
172
174
179
178
275
294
11
0.002
0.002
0.002
0.002
0.002
0.002
0.002
0.002
0.002
0.002
0.002
0
,
187
1
11
186
139
187
262
57
172
174
179
178
275
294
11
0.002
0.002
0.002
0.002
0.002
0.002
0.002
0.002
0.002
0.002
0.002
0
,
187
1
11
186
139
187
262
57
172
174
179
178
275
294
11
0.002
0.002
0.002
0.002
0.002
0.002
0.002
0.002
0.002
0.002
0.002
0
,
187
1
11
186
139
187
262
57
172
174
179
178
275
294
11
0.002
0.002
0.002
0.002
0.002
0.002
0.002
0.002
0.002
0.002
0.002
0
,
187
1
11
186
139
187
262
57
172
174
179
178
275
294
11
0.002
0.002
0.002
0.002
0.002
0.002
0.002
0.002
0.002
0.002
0.002
0
,
187
1
11
186
139
187
262
57
172
174
179
178
275
294
11
0.002
0.002
0.002
0.002
0.002
0.002
0.002
0.002
0.002
0.002
0.002
0
,
187
1
11
186
139
187
262
57
172
174
179
178
275
294
11
0.002
0.002
0.002
0.002
0.002
0.002
0.002
0.002
0.002
0.002
0.002
0
,
187
1
11
186
139
187
262
57
172
174
179
178
275
294
11
0.002
0.002
0.002
0.002
0.002
0.002
0.002
0.002
0.002
0.002
0.002
0
,
187
1
11
186
139
187
262
57
172
174
179
178
275
294
11
0.002
0.002
0.002
0.002
0.002
0.002
0.002
0.002
0.002
0.002
0.002
0
,
187
1
11
186
139
187
262
57
172
174
179
178
275
294
11
0.002
0.002
0.002
0.002
0.002
0.002
0.002
0.002
0.002
0.002
0.002
0
,
187
1
11
186
139
187
262
57
172
174
179
178
275
294
11
0.002
0.002
0.002
0.002
0.002
0.002
0.002
0.002
0.002
0.002
0.002
0
,
187
1
11
186
139
187
262
57
172
174
179
178
275
294
11
0.002
0.002
0.002
0.002
0.002
0.002
0.002
0.002
0.002
0.002
0.002
0
,
187
1
11
186
139
187
262
57
172
174
179
178
275
294
11
0.002
0.002
0.002
0.002
0.002
0.002
0.002
0.002
0.002
0.002
0.002
0
,
187
1
11
186
139
187
262
57
172
174
179
178
275
294
11
0.002
0.002
0.002
0.002
0.002
0.002
0.002
0.002
0.002
0.002
0.002
0
,
187
1
11
186
139
187
262
57
172
174
179
178
275
294
11
0.002
0.002
0.002
0.002
0.002
0.002
0.002
0.002
0.002
0.002
0.002
0
,
187
1
11
186
139
187
262
57
172
174
179
178
275
294
11
0.002
0.002
0.002
0.002
0.002
0.002
0.002
0.002
0.002
0.002
0.002
0
,
187
1
11
186
139
187
262
57
172
174
179
178
275
294
11
0.002
0.002
0.002
0.002
0.002
0.002
0.002
0.002
0.002
0.002
0.002
0
,
187
1
11
186
139
187
262
57
172
174
179
178
275
294
11
0.002
0.002
0.002
0.002
0.002
0.002
0.002
0.002
0.002
0.002
0.002
0
,
187
1
11
186
139
187
262
57
172
174
179
178
275
294
11
0.002
0.002
0.002
0.002
0.002
0.002
0.002
0.002
0.002
0.002
0.002
0
,
187
1
11
186
139
187
262
57
172
174
179
178
275
294
11
0.002
0.002
0.002
0.002
0.002
0.002
0.002
0.002
0.002
0.002
0.002
0
,
187
1
11
186
139
187
262
57
172
174
179
178
275
294
11
0.002
0.002
0.002
0.002
0.002
0.002
0.002
0.002
0.002
0.002
0.002
0
,
187
1
11
186
139
187
262
57
172
174
179
178
275
294
11
0.002
0.002
0.002
0.002
0.002
0.002
0.002
0.002
0.002
0.002
0.002
0
,
187
1
11
186
139
187
262
57
172
174
179
178
275
294
11
0.002
0.002
0.002
0.002
0.002
0.002
0.002
0.002
0.002
0.002
0.002
0
,
187
1
11
186
139
187
262
57
172
174
179
178
275
294
11
0.002
0.002
0.002
0.002
0.002
0.002
0.002
0.002
0.002
0.002
0.002
0
,
187
1
11
186
139
187
262
57
172
174
179
178
275
294
11
0.002
0.002
0.002
0.002
0.002
0.002
0.002
0.002
0.002
0.002
0.002
0
,
187
1
11
186
139
187
262
57
172
174
179
178
275
294
11
0.002
0.002
0.002
0.002
0.002
0.002
0.002
0.002
0.002
0.002
0.002
0
,
187
1
11
186
139
187
262
57
172
174
179
178
275
294
11
0.002
0.002
0.002
0.002
0.002
0.002
0.002
0.002
0.002
0.002
0.002
0
,
187
1
11
186
139
187
262
57
172
174
179
178
275
294
11
0.002
0.002
0.002
0.002
0.002
0.002
0.002
0.002
0.002
0.002
0.002
0
,
187
1
11
186
139
187
262
57
172
174
179
178
275
294
11
0.002
0.002
0.002
0.002
0.002
0.002
0.002
0.002
0.002
0.002
0.002
0
,
187
1
11
186
139
187
262
57
172
174
179
178
275
294
11
0.002
0.002
0.002
0.002
0.002
0.002
0.002
0.002
0.002
0.002
0.002
0
,
187
1
11
186
139
187
262
57
172
174
179
178
275
294
11
0.002
0.002
0.002
0.002
0.002
0.002
0.002
0.002
0.002
0.002
0.002
0
,
187
1
11
186
139
187
262
57
172
174
179
178
275
294
11
0.002
0.002
0.002
0.002
0.002
0.002
0.002
0.002
0.002
0.002
0.002
0
,
187
1
11
186
139
187
262
57
172
174
179
178
275
294
11
0.002
0.002
0.002
0.002
0.002
0.002
0.002
0.002
0.002
0.002
0.002
0
,
187
1
11
186
139
187
262
57
172
174
179
178
275
294
11
0.002
0.002
0.002
0.002
0.002
0.002
0.002
0.002
0.002
0.002
0.002
0
,
187
1
11
186
139
187
262
57
172
174
179
178
275
294
11
0.002
0.002
0.002
0.002
0.002
0.002
0.002
0.002
0.002
0.002
0.002
0
,
187
1
11
186
139
187
262
57
172
174
179
178
275
294
11
0.002
0.002
0.002
0.002
0.002
0.002
0.002
0.002
0.002
0.002
0.002
0
,
187
1
11
186
139
187
262
57
172
174
179
178
275
294
11
0.002
0.002
0.002
0.002
0.002
0.002
0.002
0.002
0.002
0.002
0.002
0
,
187
1
11
186
139
187
262
57
172
174
179
178
275
294
11
0.002
0.002
0.002
0.002
0.002
0.002
0.002
0.002
0.002
0.002
0.002
0
,
187
1
11
186
139
187
262
57
172
174
179
178
275
294
11
0.002
0.002
0.002
0.002
0.002
0.002
0.002
0.002
0.002
0.002
0.002
0
,
187
1
11
186
139
187
262
57
172
174
179
178
275
294
11
0.002
0.002
0.002
0.002
0.002
0.002
0.002
0.002
0.002
0.002
0.002
0
,
187
1
11
186
139
187
262
57
172
174
179
178
275
294
11
0.002
0.002
0.002
0.002
0.002
0.002
0.002
0.002
0.002
0.002
0.002
0
,
187
1
11
186
139
187
262
57
172
174
179
178
275
294
11
0.002
0.002
0.002
0.002
0.002
0.002
0.002
0.002
0.002
0.002
0.002
0
,
187
1
11
186
139
187
262
57
172
174
179
178
275
294
11
0.002
0.002
0.002
0.002
0.002
0.002
0.002
0.002
0.002
0.002
0.002
0
,
187
1
11
186
139
187
262
57
172
174
179
178
275
294
11
0.002
0.002
0.002
0.002
0.002
0.002
0.002
0.002
0.002
0.002
0.002
0
,
187
1
11
186
139
187
262
57
172
174
179
178
275
294
11
0.002
0.002
0.002
0.002
0.002
0.002
0.002
0.002
0.002
0.002
0.002
0
,
187
1
11
186
139
187
262
57
172
174
179
178
275
294
11
0.002
0.002
0.002
0.002
0.002
0.002
0.002
0.002
0.002
0.002
0.002
0
,
187
1
11
186
139
187
262
57
172
174
179
178
275
294
11
0.002
0.002
0.002
0.002
0.002
0.002
0.002
0.002
0.002
0.002
0.002
0
,
187
1
11
186
139
187
262
57
172
174
179
178
275
294
11
0.002
0.002
0.002
0.002
0.002
0.002
0.002
0.002
0.002
0.002
0.002
0
,
187
1
11
186
139
187
262
57
172
174
179
178
275
294
11
0.002
0.002
0.002
0.002
0.002
0.002
0.002
0.002
0.002
0.002
0.002
0
,
187
1
11
186
139
187
262
57
172
174
179
178
275
294
11
0.002
0.002
0.002
0.002
0.002
0.002
0.002
0.002
0.002
0.002
0.002
0
,
187
1
11
186
139
187
262
57
172
174
179
178
275
294
11
0.002
0.002
0.002
0.002
0.002
0.002
0.002
0.002
0.002
0.002
0.002
0
,
187
1
11
186
139
187
262
57
172
174
179
178
275
294
11
0.002
0.002
0.002
0.002
0.002
0.002
0.002
0.002
0.002
0.002
0.002
0
,
187
1
11
186
139
187
262
57
172
174
179
178
275
294
11
0.002
0.002
0.002
0.002
0.002
0.002
0.002
0.002
0.002
0.002
0.002
0
,
187
1
11
186
139
187
262
57
172
174
179
178
275
294
11
0.002
0.002
0.002
0.002
0.002
0.002
0.002
0.002
0.002
0.002
0.002
0
,
187
1
11
186
139
187
262
57
172
174
179
178
275
294
11
0.002
0.002
0.002
0.002
0.002
0.002
0.002
0.002
0.002
0.002
0.002
0
,
187
1
11
186
139
187
262
57
172
174
179
178
275
294
11
0.002
0.002
0.002
0.002
0.002
0.002
0.002
0.002
0.002
0.002
0.002
0
,
187
1
11
186
139
187
262
57
172
174
179
178
275
294
11
0.002
0.002
0.002
0.002
0.002
0.002
0.002
0.002
0.002
0.002
0.002
0
,
187
1
11
186
139
187
262
57
172
174
179
178
275
294
11
0.002
0.002
0.002
0.002
0.002
0.002
0.002
0.002
0.002
0.002
0.002
0
,
187
1
11
186
139
187
262
57
172
174
179
178
275
294
11
0.002
0.002
0.002
0.002
0.002
0.002
0.002
0.002
0.002
0.002
0.002
0
,
187
1
11
186
139
187
262
57
172
174
179
178
275
294
11
0.002
0.002
0.002
0.002
0.002
0.002
0.002
0.002
0.002
0.002
0.002
0
,
187
1
11
186
139
187
262
57
172
174
179
178
275
294
11
0.002
0.002
0.002
0.002
0.002
0.002
0.002
0.002
0.002
0.002
0.002
0
,
187
1
11
186
139
187
262
57
172
174
179
178
275
294
11
0.002
0.002
0.002
0.002
0.002
0.002
0.002
0.002
0.002
0.002
0.002
0
,
187
1
11
186
139
187
262
57
172
174
179
178
275
294
11
0.002
0.002
0.002
0.002
0.002
0.002
0.002
0.002
0.002
0.002
0.002
0
,
187
1
11
186
139
187
262
57
172
174
179
178
275
294
11
0.002
0.002
0.002
0.002
0.002
0.002
0.002
0.002
0.002
0.002
0.002
0
,
187
1
11
186
139
187
262
57
172
174
179
178
275
294
11
0.002
0.002
0.002
0.002
0.002
0.002
0.002
0.002
0.002
0.002
0.002
0
,
187
1
11
186
139
187
262
57
172
174
179
178
275
294
11
0.002
0.002
0.002
0.002
0.002
0.002
0.002
0.002
0.002
0.002
0.002
0
,
187
1
11
186
139
187
262
57
172
174
179
178
275
294
11
0.002
0.002
0.002
0.002
0.002
0.002
0.002
0.002
0.002
0.002
0.002
0
,
187
1
11
186
139
187
262
57
172
174
179
178
275
294
11
0.002
0.002
0.002
0.002
0.002
0.002
0.002
0.002
0.002
0.002
0.002
0
,
187
1
11
186
139
187
262
57
172
174
179
178
275
294
11
0.002
0.002
0.002
0.002
0.002
0.002
0.002
0.002
0.002
0.002
0.002
0
,
187
1
11
186
139
187
262
57
172
174
179
178
275
294
11
0.002
0.002
0.002
0.002
0.002
0.002
0.002
0.002
0.002
0.002
0.002
0
,
