0
1
15
1
3
5
7
11
44
73
81
115
180
192
220
253
255
273
15
-1.2
-0.2
0.4
0.2
-0.2
0.4
0.4
-0.4
-0.2
0.2
-0.2
-0.8
0.6
-1.2
1.0
0
,
1
1
16
4
6
8
12
45
115
184
192
193
201
204
221
252
254
256
260
16
-0.2
0.8
-0.2
0.8
-1.0
0.2
0.2
-1.4
-0.4
-1.8
0.2
0.4
0.2
-1.0
-0.2
-0.2
0
,
2
1
6
4
81
114
134
210
235
6
-0.6
-1.2
-4.4
1.2
0.2
0.2
0
,
3
1
11
3
27
72
82
114
115
135
153
210
221
254
11
1.0
0.2
0.8
0.8
0.6
1.2
1.0
-0.4
0.6
0.4
0.2
0
,
4
1
9
11
21
44
46
52
75
197
204
255
9
-0.4
0.2
1.2
-0.2
-0.2
-5.0
0.2
-0.2
0.2
0
,
5
1
16
6
16
20
22
40
45
65
74
76
78
79
181
189
199
204
256
16
-0.2
0.4
-0.2
-0.2
0.2
0.6
1.0
1.8
-1.4
-0.2
0.2
-0.4
-0.4
0.6
0.8
-0.8
0
,
6
1
9
1
5
11
41
44
116
197
220
232
9
-0.4
0.2
0.2
0.8
-1.2
0.2
-0.4
-0.2
-0.2
0
,
7
1
18
8
12
14
41
45
47
51
66
88
116
137
173
192
196
240
244
254
256
18
-0.6
-2.0
-0.2
0.2
2.6
0.2
0.6
-0.6
-0.6
0.2
0.2
-0.4
0.4
0.2
0.6
-0.4
-0.4
-0.6
0
,
8
1
10
5
9
10
18
19
21
41
73
77
85
10
-0.2
0.2
-0.2
1.8
-0.4
0.2
0.4
1.4
-0.4
-0.4
0
,
9
1
9
6
17
18
20
40
41
74
198
204
9
0.2
-2.0
-0.6
0.2
0.6
0.6
-4.6
-0.2
0.2
0
,
10
1
22
1
5
7
15
18
21
40
41
42
44
46
47
50
51
63
75
77
78
116
117
182
183
22
0.4
0.4
-3.8
-2.2
0.4
2.4
-1.2
1.6
9.2
4.8
-0.4
0.2
-5.8
-0.2
0.2
0.8
-0.4
0.2
1.6
0.6
-2.0
0.2
0
,
11
1
14
8
14
16
17
22
41
43
45
47
51
74
77
78
183
14
-4.4
0.2
2.0
0.2
-1.0
-0.8
-10.2
-5.6
0.8
-7.0
0.6
0.8
1.6
2.4
0
,
12
1
33
1
2
5
7
9
11
13
18
19
21
22
40
41
42
44
46
50
77
78
79
113
114
117
185
191
193
198
200
201
224
225
226
232
33
0.4
0.2
-0.4
5.2
0.2
-7.0
0.4
-0.4
-0.6
2.0
10.0
3.2
0.8
3.4
2.6
-0.6
1.8
2.4
0.6
0.4
0.6
0.6
-0.4
1.0
-0.6
0.4
0.4
0.2
3.0
-0.2
-0.2
-0.2
-1.6
0
,
13
1
32
1
2
5
8
12
21
22
40
41
43
45
47
51
52
57
75
77
78
113
114
185
190
193
197
200
220
223
225
227
231
248
273
32
0.4
0.6
-0.2
5.4
-6.6
10.6
0.6
2.6
6.4
4.0
1.4
0.6
0.4
0.2
-0.2
-0.2
0.4
3.6
0.6
0.6
-2.0
-1.6
-0.4
0.8
4.4
-0.4
-0.6
-0.2
-0.2
-0.4
-0.2
-0.4
0
,
14
1
8
11
24
50
62
63
220
243
255
8
-1.2
0.2
-1.0
-0.2
-0.2
-0.6
0.2
-0.4
0
,
15
1
8
16
51
76
116
183
204
221
256
8
-0.2
1.0
0.2
-0.4
-0.4
0.2
0.4
0.6
0
,
16
1
7
18
20
53
67
79
85
191
7
-0.2
-0.2
0.2
-0.2
0.2
-0.4
-0.2
0
,
17
1
4
9
18
42
53
4
0.6
0.2
-0.4
0.2
0
,
18
1
12
9
20
40
41
46
52
73
75
77
78
80
199
12
-5.0
1.4
-6.4
-1.8
-0.6
-0.2
-0.6
0.2
-4.4
-2.4
-0.6
0.6
0
,
19
1
12
6
10
14
40
41
43
46
53
74
76
78
199
12
0.4
-5.8
-0.2
-4.2
-7.6
-0.2
0.4
-0.2
-1.6
0.2
-4.4
0.8
0
,
20
1
23
5
11
19
40
41
44
46
52
73
75
77
111
116
117
188
193
196
197
199
204
241
255
257
23
-7.8
-0.8
-13.4
0.2
0.2
0.6
0.2
-0.4
4.6
-3.0
-0.2
-1.0
-1.2
-0.6
0.2
-1.2
-0.2
-2.0
-2.4
-2.4
-0.2
-0.2
-0.2
0
,
21
1
18
6
12
13
20
53
61
74
76
79
111
116
117
191
197
198
199
204
246
18
-7.4
-0.4
-1.4
-14.0
-0.4
-0.2
5.0
-1.6
0.4
-0.6
-0.6
-0.2
-0.4
0.4
-1.0
-3.8
-3.0
-0.4
0
,
22
1
5
7
16
48
51
59
5
-1.0
0.4
0.6
-0.2
0.2
0
,
23
1
12
3
15
24
60
68
81
85
179
195
231
232
234
12
0.2
-0.2
0.2
0.2
-0.6
0.2
0.4
0.4
1.0
0.2
0.2
0.2
0
,
24
1
4
82
184
221
256
4
-0.8
0.4
-0.2
0.2
0
,
25
1
4
197
242
246
247
4
1.2
-1.0
-0.2
-0.4
0
,
26
1
9
4
198
221
227
233
239
241
246
247
9
0.2
0.6
-0.8
0.2
0.8
-0.2
-0.2
-0.4
-1.2
0
,
27
1
10
14
66
80
111
174
180
181
188
204
237
10
-0.2
0.2
-0.6
1.2
0.4
-1.6
-1.0
0.8
0.4
0.2
0
,
28
1
11
29
55
57
60
61
89
98
173
269
270
295
11
0.6
0.4
-0.4
0.6
1.2
2.6
5.6
0.2
2.6
0.2
-0.2
0
,
29
1
8
54
56
57
58
59
62
104
264
8
1.0
-0.4
-0.2
0.2
0.4
-0.2
0.4
1.2
0
,
30
1
8
54
55
58
59
97
104
164
264
8
1.6
2.0
0.8
0.6
0.2
0.4
0.2
1.2
0
,
31
1
9
54
55
61
90
98
173
269
270
271
9
-0.4
-0.6
0.8
0.2
0.8
0.2
0.2
2.0
0.2
0
,
32
1
5
57
61
99
270
271
5
-0.6
0.2
0.6
0.6
0.8
0
,
33
1
9
54
55
56
57
58
91
99
100
271
9
0.4
0.4
-0.2
-0.2
0.4
0.4
0.4
0.4
2.2
0
,
34
1
7
35
54
55
56
100
117
271
7
0.6
-1.2
-0.2
-0.4
0.2
0.4
0.6
0
,
35
1
4
55
101
272
262
4
-0.4
0.4
1.0
0.6
0
,
36
1
6
54
55
102
272
262
263
6
1.2
-1.2
0.6
0.6
1.2
0.4
0
,
37
1
6
54
55
102
103
263
264
6
1.2
-2.0
0.4
0.4
2.0
0.4
0
,
38
1
5
54
55
103
263
264
5
2.2
-2.0
0.2
0.2
1.6
0
,
39
1
13
7
9
10
11
17
18
20
21
41
47
73
75
78
13
-0.2
-0.2
0.2
-1.0
0.2
-0.2
-0.4
-0.8
0.6
-0.4
-1.4
-0.2
1.6
0
,
40
1
21
7
8
9
10
11
12
18
19
20
22
40
43
46
47
50
51
74
76
77
78
183
21
2.4
-0.4
0.2
-0.8
-2.0
-1.0
0.6
0.2
0.8
0.4
0.4
0.6
-1.6
-0.4
-0.8
-0.2
-1.0
0.2
0.2
-1.0
0.4
0
,
41
1
7
7
11
15
18
46
73
206
7
0.4
0.2
1.6
0.2
-0.6
0.2
-0.2
0
,
42
1
11
12
16
17
20
47
51
74
76
77
78
88
11
1.0
-1.2
-0.2
-0.4
-0.6
0.2
-0.2
0.2
0.2
0.6
0.4
0
,
43
1
10
7
11
13
73
75
116
117
204
220
255
10
-1.2
0.2
0.2
-0.4
-0.4
-0.6
0.8
-0.2
-0.2
-0.2
0
,
44
1
18
2
6
8
13
41
45
47
63
65
67
76
78
116
173
181
196
204
221
18
-0.4
1.2
-0.8
0.6
0.4
-0.4
0.4
-0.2
0.2
-0.2
-0.4
0.2
0.2
-0.4
-0.4
-1.2
-0.2
0.2
0
,
45
1
5
17
74
77
78
255
5
-2.2
-0.4
-0.2
0.4
0.2
0
,
46
1
4
4
12
78
227
4
0.2
0.4
0.4
0.2
0
,
47
1
7
11
15
40
50
182
183
206
7
0.8
-0.4
-0.2
-0.2
-0.6
0.2
-0.2
0
,
48
1
4
16
23
48
116
4
0.8
-0.8
0.2
-0.4
0
,
49
1
9
11
15
41
42
44
46
48
116
182
9
1.8
1.4
0.2
-0.4
-0.2
-0.6
2.4
0.6
2.4
0
,
50
1
6
16
48
49
66
116
183
6
-0.8
-0.2
2.4
-0.2
-0.4
1.2
0
,
51
1
8
5
14
18
111
132
190
204
255
8
-2.4
0.2
-0.2
-0.8
-0.4
1.8
-1.4
2.8
0
,
52
1
10
6
17
18
74
79
111
189
191
199
256
10
1.8
0.4
0.4
0.2
0.4
-1.6
0.4
-0.4
0.4
-4.2
0
,
53
1
63
1
3
4
7
13
27
28
44
52
55
56
57
58
59
60
61
63
64
66
68
77
80
82
111
113
114
115
137
138
139
156
164
165
166
172
173
174
175
176
178
179
180
181
188
190
192
193
200
201
220
221
224
225
226
231
232
234
242
255
260
265
264
299
63
0.6
-1.4
-1.8
1.8
1.0
1.2
0.8
3.0
2.2
-1.4
1.8
2.0
-7.4
8.2
-3.4
2.8
-0.2
0.6
-0.2
-0.8
0.2
0.8
-1.4
-1.2
2.8
6.6
4.6
0.2
5.4
2.6
0.2
9.6
7.0
1.0
4.6
1.0
-2.0
2.6
1.8
1.2
1.0
0.8
0.2
0.4
1.0
3.0
3.0
1.0
1.8
-0.6
-0.2
-3.4
0.2
11.2
1.2
-1.6
-0.2
0.2
0.2
0.4
-0.2
-0.6
-0.2
0
,
54
1
58
1
2
3
4
7
8
14
16
23
28
44
45
53
54
56
57
58
59
60
61
64
65
67
68
79
111
113
114
115
138
139
164
165
172
173
174
175
176
180
181
187
189
191
192
193
200
213
222
225
227
231
248
256
267
269
298
292
294
58
1.4
1.6
1.8
0.8
1.0
1.6
0.4
0.2
-0.6
1.2
0.2
2.0
0.6
-2.4
-2.8
2.8
-7.4
10.4
-0.6
-6.6
0.6
0.2
-0.2
-1.0
0.6
-0.4
3.2
9.6
2.0
4.6
6.2
6.6
7.6
5.2
-1.4
-1.0
5.8
6.0
0.6
-1.0
0.2
0.4
-1.2
3.6
2.6
0.4
0.2
-0.2
-5.2
-7.8
1.6
-0.2
-0.4
-0.2
0.2
-0.2
-0.4
-0.4
0
,
55
1
45
1
2
7
8
13
28
44
54
55
57
59
62
63
64
65
66
67
68
69
72
75
111
113
114
115
173
174
180
181
184
191
195
196
200
201
221
227
231
232
253
255
256
258
260
286
45
1.0
1.6
2.4
0.6
4.2
1.4
2.8
0.4
-0.6
0.4
0.2
-0.8
-1.2
1.0
0.4
0.6
-1.0
-2.0
0.4
2.6
0.4
0.2
0.2
4.4
6.0
1.4
4.2
2.6
1.6
3.4
0.4
5.2
0.2
1.8
1.8
0.4
0.2
0.2
4.6
0.2
0.8
0.4
0.2
1.0
0.2
0
,
56
1
47
1
2
8
14
28
45
55
56
62
63
64
65
66
67
68
72
76
82
111
114
115
117
132
173
174
178
179
180
181
183
184
190
195
196
200
201
203
220
221
224
231
232
243
254
256
259
287
47
4.2
3.0
1.4
2.6
2.4
1.2
0.8
-1.2
-0.2
-1.2
0.6
0.2
0.2
-1.2
-0.4
1.8
0.4
0.2
0.2
4.4
2.2
0.2
0.4
5.4
2.8
0.4
0.2
2.4
2.2
0.2
3.4
0.2
0.2
7.0
2.2
2.4
0.4
0.6
0.6
0.2
0.4
3.8
0.2
0.2
0.6
0.2
0.2
0
,
57
1
38
1
2
3
7
8
15
28
44
45
54
55
57
59
60
61
64
65
67
68
72
114
115
138
139
164
165
172
173
174
175
176
178
179
198
221
231
254
267
38
0.2
0.4
0.4
0.8
5.2
0.2
0.6
1.4
5.4
0.6
0.6
0.8
0.6
1.0
-0.8
0.2
0.2
0.2
0.2
0.2
6.0
5.0
5.4
1.0
1.2
1.4
3.0
1.4
3.2
0.2
0.2
-1.4
-0.2
0.2
-0.4
0.6
0.2
-0.2
0
,
58
1
43
1
2
4
7
8
16
23
24
28
44
45
52
54
55
56
58
61
64
66
68
72
111
114
115
117
138
139
156
162
163
164
165
172
173
174
175
178
179
180
187
190
255
259
43
0.4
0.6
-1.0
3.0
0.6
0.4
0.2
0.6
0.4
4.0
0.4
0.4
0.4
1.2
0.6
1.0
-0.8
-0.6
0.2
1.4
0.2
0.4
6.8
1.6
-0.2
1.2
2.8
0.2
0.4
0.4
0.2
1.0
4.0
-2.2
-1.2
0.2
1.2
-0.4
-0.6
0.4
0.8
0.2
0.4
0
,
59
1
43
1
2
3
13
14
21
22
23
24
52
54
58
61
67
69
71
79
80
86
88
111
115
129
134
153
173
174
179
190
191
197
204
205
220
231
245
255
257
258
259
260
276
295
43
0.6
0.2
-0.6
0.2
0.8
0.6
5.6
-1.6
0.6
1.8
-0.2
-1.0
-0.6
-0.2
0.8
-0.6
0.4
1.6
-1.8
2.6
-3.8
4.2
0.4
-0.4
7.8
-0.4
-1.2
-1.0
-1.8
-1.2
1.4
-0.8
-3.4
-0.4
-0.2
-0.2
-1.8
0.2
1.0
1.6
5.2
-0.2
-0.2
0
,
60
1
44
4
21
22
23
45
53
54
55
56
57
59
64
68
69
79
85
87
111
115
117
128
129
135
152
173
174
190
191
197
198
200
205
208
212
221
245
246
248
251
256
257
258
259
267
44
0.8
5.2
0.2
-0.8
1.4
2.6
-0.4
-0.6
-0.2
-0.4
-0.4
-0.2
-0.6
-0.4
1.4
-2.6
-1.0
-3.4
1.4
-0.2
1.0
1.0
-0.4
10.6
-1.4
-1.2
-2.8
-0.8
0.2
0.8
1.0
-3.6
-0.2
-0.4
-1.2
-0.2
-0.2
-0.2
-0.2
-0.4
1.8
0.4
4.6
-0.2
0
,
61
1
15
15
16
44
63
64
65
66
116
117
162
175
196
243
284
288
15
-1.0
0.6
-0.4
-1.4
-0.6
0.2
0.4
2.2
0.8
-0.8
-0.2
-0.2
0.2
-0.2
0.4
0
,
62
1
11
15
16
62
65
66
116
117
183
220
233
288
11
-0.8
-0.8
-2.4
-1.0
0.4
-0.8
0.4
-0.2
-0.2
0.2
0.2
0
,
63
1
13
62
63
64
162
163
164
172
173
175
178
181
278
289
13
1.0
0.2
0.4
2.2
1.8
0.2
0.2
0.4
1.6
0.4
0.2
0.2
0.2
0
,
64
1
17
3
6
15
45
62
63
66
67
72
81
82
117
162
172
174
181
244
17
0.4
-0.2
0.4
0.2
-0.8
-0.6
-0.2
-0.6
0.6
-0.4
0.4
0.4
0.8
0.2
0.2
0.6
-0.4
0
,
65
1
17
15
16
44
62
63
65
75
117
162
163
166
167
180
182
195
243
287
17
0.2
0.4
0.4
-0.2
-0.6
-0.2
0.4
0.4
0.2
0.2
0.2
0.4
0.6
0.2
0.2
0.2
0.2
0
,
66
1
26
2
7
8
15
28
57
58
62
63
64
65
68
82
115
116
117
138
173
178
179
181
184
196
201
221
286
26
2.6
0.6
0.4
0.2
0.6
0.4
0.2
-0.4
-1.0
1.4
0.8
0.2
-1.0
0.4
0.6
-0.6
0.8
-0.6
-1.2
-0.2
-0.4
2.2
0.4
0.8
0.8
0.2
0
,
67
1
26
1
4
7
8
16
56
59
64
65
66
67
72
81
115
138
139
172
173
178
179
184
195
196
243
255
259
26
2.2
0.2
1.8
0.6
0.2
0.2
0.2
0.6
0.2
1.0
0.2
0.2
-0.4
0.4
0.2
0.8
0.2
0.4
1.6
-0.2
1.0
-1.6
-0.4
-0.2
-0.8
0.2
0
,
68
1
11
70
72
113
177
184
185
198
201
205
218
219
11
-0.6
0.2
0.4
3.0
0.2
1.4
4.2
0.2
-1.2
-1.8
-1.4
0
,
69
1
12
21
71
185
193
197
198
200
205
210
211
218
219
12
0.8
-0.4
-1.6
0.2
3.4
1.0
0.2
2.6
-0.2
0.2
2.8
1.8
0
,
70
1
16
3
56
62
112
130
174
178
179
181
183
185
205
260
284
286
289
16
0.2
-0.2
1.0
-4.2
-0.2
-0.2
0.2
-0.6
0.8
-0.4
-0.6
-1.8
-1.0
-0.4
0.2
-0.4
0
,
71
1
3
68
69
177
3
-0.2
-0.4
-0.4
0
,
72
1
4
7
19
75
182
4
-0.2
2.8
0.4
-0.2
0
,
73
1
11
6
12
20
22
41
45
46
47
51
116
183
11
-0.2
0.8
-0.2
-0.2
0.2
-0.2
-0.4
-0.2
-0.4
-0.6
0.8
0
,
74
1
9
5
7
9
40
45
66
73
116
117
9
0.4
0.6
-0.8
-0.2
-0.2
-0.2
-1.8
1.0
0.4
0
,
75
1
8
6
20
65
74
116
196
204
256
8
-0.8
0.2
0.6
-0.6
-0.6
0.4
-0.2
0.4
0
,
76
1
12
7
11
12
18
19
40
41
46
47
75
78
258
12
0.4
0.2
1.2
-0.4
-1.0
3.2
-0.2
0.6
0.4
-0.2
3.4
-0.2
0
,
77
1
14
5
6
8
11
12
14
19
21
22
40
41
46
47
77
14
0.4
0.2
-1.4
-1.2
-1.2
0.2
-0.6
-0.4
0.4
-2.2
0.2
0.8
1.0
2.2
0
,
78
1
9
6
17
28
53
80
191
198
199
218
9
1.2
-1.0
-1.6
-0.2
-0.6
1.6
-0.4
-0.4
0.2
0
,
79
1
12
18
20
28
52
79
136
188
190
197
199
204
255
12
-1.8
-0.2
-1.0
-0.6
0.2
0.2
0.4
-0.6
0.6
1.0
0.2
0.4
0
,
80
1
6
3
24
70
72
178
179
6
0.2
3.0
-0.6
0.6
-1.0
-0.2
0
,
81
1
7
16
25
65
72
86
117
178
7
0.4
2.8
-0.2
1.0
1.0
-0.4
-0.4
0
,
82
1
0
0
0
,
83
1
0
0
0
,
84
1
20
3
15
18
24
48
61
152
154
179
188
192
193
199
205
212
220
234
237
253
255
20
0.2
0.6
-0.4
0.4
0.2
-0.2
1.0
0.6
0.4
0.2
0.2
-0.2
1.2
-0.8
-0.4
0.2
0.2
0.2
-0.4
0.2
0
,
85
1
11
4
25
85
86
88
133
153
193
254
256
258
11
-1.0
0.2
-0.2
-1.2
-0.2
0.4
-0.8
-0.2
0.2
-0.2
-0.6
0
,
86
1
13
24
152
189
190
192
199
205
208
210
223
248
251
259
13
-0.6
-2.8
0.2
-1.0
-0.4
0.6
-1.4
0.4
0.2
0.2
-0.2
-0.2
0.6
0
,
87
1
20
4
8
16
17
25
46
47
51
79
82
153
184
189
196
199
205
244
247
254
260
20
-0.2
0.2
0.2
0.4
-0.6
0.2
0.2
0.4
0.4
0.2
-3.2
-0.4
-0.2
-0.4
1.2
-0.8
-1.6
-0.2
0.8
0.2
0
,
88
1
9
29
54
55
58
59
60
61
72
98
9
1.6
-1.2
-0.4
0.8
1.0
2.2
2.2
-0.4
3.2
0
,
89
1
13
54
55
58
59
60
61
98
99
105
111
174
194
261
13
-2.0
-1.8
0.4
1.0
1.0
1.4
0.4
0.6
0.6
0.2
0.2
-0.2
0.2
0
,
90
1
12
33
34
54
55
57
58
59
60
61
90
99
106
12
0.2
0.4
-2.4
-1.6
0.6
1.8
0.6
1.2
0.6
0.2
2.4
-0.4
0
,
91
1
10
54
55
57
58
59
91
93
99
100
174
10
2.4
-1.8
-0.2
0.6
0.4
0.4
0.2
0.2
0.8
0.2
0
,
92
1
14
36
54
55
56
58
59
94
100
101
107
117
173
174
184
14
0.2
2.8
1.8
0.2
0.2
0.6
0.2
0.2
0.6
-0.2
0.4
0.2
0.4
-0.2
0
,
93
1
5
55
95
102
117
194
5
-0.8
0.2
0.6
0.2
0.4
0
,
94
1
7
54
55
56
57
96
102
174
7
-0.8
-1.2
0.2
-0.2
0.2
2.4
0.2
0
,
95
1
16
54
55
58
59
64
97
102
103
112
162
163
164
172
173
182
264
16
-1.0
-4.0
0.4
0.2
0.2
0.2
0.2
0.8
-2.0
0.6
0.4
0.2
0.2
0.4
0.2
1.8
0
,
96
1
9
54
55
103
104
158
166
167
184
264
9
0.6
0.6
0.2
0.6
0.2
-0.2
4.6
-0.4
3.4
0
,
97
1
6
29
32
59
89
90
194
6
0.6
0.2
0.2
0.2
0.2
0.2
0
,
98
1
7
34
55
92
111
173
174
184
7
0.4
-0.4
0.4
0.4
0.8
0.8
0.4
0
,
99
1
9
55
60
61
91
111
173
174
179
184
9
-0.4
0.2
0.2
0.4
0.6
0.4
1.2
0.2
0.6
0
,
100
1
9
36
57
59
93
111
173
174
184
285
9
0.2
-0.2
0.2
0.2
0.2
1.2
1.2
0.2
0.2
0
,
101
1
1
94
1
0.2
0
,
102
1
1
95
1
0.2
0
,
103
1
8
54
96
97
111
172
173
184
264
8
0.4
0.2
0.2
0.2
0.4
1.0
0.4
2.0
0
,
104
1
25
29
32
34
65
71
89
90
98
99
114
178
183
194
226
261
265
266
273
276
284
285
286
290
295
296
25
0.4
0.6
0.4
-0.2
0.8
2.4
1.4
6.2
0.6
-1.2
1.0
-0.2
-0.6
0.2
2.4
4.0
3.6
0.2
6.0
1.2
1.2
0.2
0.4
0.2
-1.2
0
,
105
1
17
34
91
92
99
100
179
181
194
266
267
268
276
277
278
284
285
286
17
0.8
0.6
0.8
3.2
0.6
0.2
0.2
0.4
2.0
3.4
1.2
0.2
7.2
1.4
1.6
0.8
0.6
0
,
106
1
12
93
94
100
101
268
269
270
278
279
284
285
286
12
2.4
1.4
2.8
1.8
3.4
4.2
0.6
2.6
6.8
1.6
1.6
1.0
0
,
107
1
7
95
96
101
270
271
272
280
7
0.6
0.8
0.4
3.4
1.8
1.2
6.4
0
,
108
1
10
96
100
101
175
271
272
262
281
282
283
10
0.8
2.8
1.8
-0.6
1.8
1.2
1.8
5.8
2.0
2.0
0
,
109
1
21
31
71
97
101
112
158
159
182
183
272
262
263
264
282
283
274
275
289
292
293
294
21
1.2
-0.2
0.8
0.4
2.0
0.6
0.4
0.2
-0.4
1.2
1.8
3.8
0.4
3.8
3.8
3.8
3.8
0.4
0.4
0.4
0.6
0
,
110
1
27
14
21
22
28
52
56
66
69
97
114
115
160
161
162
163
166
167
173
174
176
177
184
197
198
204
231
232
27
0.2
0.2
0.6
1.2
0.4
0.4
0.2
-0.2
0.2
0.2
1.2
0.2
1.4
0.4
1.2
2.4
4.4
0.8
0.6
1.0
0.6
0.4
0.2
0.8
1.8
0.2
2.0
0
,
111
1
2
62
71
2
0.2
0.2
0
,
112
1
16
58
59
64
71
112
136
181
185
190
198
218
219
251
284
285
288
16
0.4
0.8
0.4
-0.4
1.0
0.2
0.6
-0.6
0.2
0.4
0.2
0.4
0.2
0.2
0.6
0.6
0
,
113
1
7
3
4
13
115
174
194
231
7
-0.8
-0.2
0.2
2.8
0.4
-0.2
0.4
0
,
114
1
5
4
68
89
98
114
5
0.8
-0.4
0.4
0.2
0.4
0
,
115
1
16
16
44
45
48
51
62
63
75
76
81
116
117
182
196
204
288
16
0.6
0.4
0.8
0.2
0.2
-0.4
-0.8
0.2
0.4
-0.6
0.2
0.2
0.6
0.4
0.2
0.2
0
,
116
1
19
16
19
45
48
49
57
62
63
71
76
82
116
179
181
182
196
255
286
288
19
0.6
0.2
1.0
0.2
0.2
-0.2
-0.6
-0.6
-0.4
0.4
1.6
1.0
0.2
0.4
1.2
0.6
0.2
0.2
0.6
0
,
117
1
4
120
122
124
149
4
-0.4
0.2
-0.4
0.2
0
,
118
1
2
121
125
2
0.2
0.2
0
,
119
1
6
118
121
124
125
140
151
6
-2.0
0.6
0.6
0.2
-0.6
-0.2
0
,
120
1
7
119
120
123
124
125
140
151
7
-1.2
0.6
1.4
0.2
0.8
0.4
-0.2
0
,
121
1
7
118
119
124
125
140
141
149
7
0.6
0.2
0.2
2.4
-1.6
-0.4
0.4
0
,
122
1
10
120
121
124
140
141
142
145
149
150
151
10
-2.6
-4.0
1.4
-0.2
1.6
0.2
-1.0
0.2
0.2
0.6
0
,
123
1
10
118
119
120
121
122
123
140
141
142
145
10
0.4
0.4
-0.4
0.4
0.4
0.4
0.4
0.4
0.6
0.2
0
,
124
1
3
118
122
151
3
0.2
-0.2
-0.8
0
,
125
1
6
85
132
227
249
255
257
6
3.6
3.4
2.4
0.8
0.4
-0.6
0
,
126
1
11
86
127
133
153
155
184
208
213
250
254
258
11
-3.0
0.2
5.6
0.2
0.2
-1.0
0.4
0.2
0.6
0.4
-1.0
0
,
127
1
9
3
130
134
210
211
213
216
251
253
9
-0.6
-0.6
1.2
0.2
0.4
0.2
0.8
0.6
2.0
0
,
128
1
13
4
86
127
131
135
189
208
210
212
215
222
252
254
13
-0.2
0.2
-0.4
0.8
0.4
0.4
1.8
0.2
0.4
-0.4
0.4
0.4
1.0
0
,
129
1
7
87
130
136
152
184
251
259
7
-1.8
1.0
5.4
0.6
1.8
1.2
-0.2
0
,
130
1
8
88
137
153
157
184
234
252
260
8
-1.6
5.8
0.4
0.4
-1.8
0.2
1.8
0.6
0
,
131
1
3
85
126
132
3
-0.2
0.2
0.4
0
,
132
1
4
13
27
127
221
4
0.2
-1.4
-1.0
-0.2
0
,
133
1
9
3
78
128
136
156
199
235
247
255
9
-1.0
0.4
0.2
0.2
0.2
-0.4
0.2
-0.2
0.2
0
,
134
1
6
4
40
153
199
221
254
6
-0.2
0.2
-0.2
0.6
0.4
-0.6
0
,
135
1
1
199
1
-0.8
0
,
136
1
5
88
131
199
212
252
5
-0.6
-0.4
1.0
0.2
-0.6
0
,
137
1
7
54
55
58
59
166
178
264
7
-1.2
-0.8
-0.4
-0.6
0.4
0.6
0.4
0
,
138
1
6
54
55
167
172
174
187
6
-0.4
-3.2
1.2
0.6
0.2
-0.2
0
,
139
1
6
119
120
121
122
124
149
6
0.2
0.2
0.6
-0.4
0.6
1.4
0
,
140
1
7
118
119
122
123
124
145
149
7
0.6
-0.2
-0.4
-1.0
-0.8
0.2
-0.6
0
,
141
1
3
119
121
149
3
-0.6
-0.4
-0.4
0
,
142
1
11
118
119
122
123
124
125
141
142
145
149
150
11
1.6
-0.2
0.4
-1.2
0.8
-2.0
-0.6
-0.4
-0.2
0.4
-4.2
0
,
143
1
10
118
119
121
122
123
124
141
142
150
151
10
-0.4
-1.2
0.4
0.4
4.4
0.4
0.2
-0.2
-0.2
4.8
0
,
144
1
7
121
122
124
125
144
145
150
7
0.6
0.4
3.8
-3.0
0.4
3.0
-2.6
0
,
145
1
0
0
0
,
146
1
6
118
119
121
122
145
149
6
0.4
-0.6
0.2
-0.2
0.2
0.6
0
,
147
1
3
118
119
122
3
0.4
0.8
-0.4
0
,
148
1
6
118
119
122
123
124
140
6
-0.4
-0.2
0.2
0.2
0.8
-1.2
0
,
149
1
10
118
119
120
121
123
124
125
140
143
149
10
-0.6
0.2
2.8
6.8
-1.6
0.2
4.8
0.4
0.2
0.2
0
,
150
1
10
119
120
121
122
123
124
125
142
149
150
10
0.4
4.8
1.4
-0.4
3.0
1.0
4.6
-0.2
0.4
1.4
0
,
151
1
11
3
61
85
87
128
152
210
225
253
257
259
11
1.2
-0.2
1.6
0.8
0.2
-0.8
-0.2
-0.6
-0.2
-0.6
1.8
0
,
152
1
20
4
8
40
86
88
127
129
131
135
153
191
205
210
211
215
221
224
226
254
259
20
0.6
0.2
0.2
2.6
-2.8
-0.2
-0.2
0.2
-1.0
0.8
-0.2
-1.0
-0.6
-0.4
-0.2
0.2
-0.8
-0.2
-0.2
-1.0
0
,
153
1
5
85
132
134
199
257
5
-5.4
-0.4
-4.0
2.2
0.4
0
,
154
1
10
16
86
133
135
153
199
202
203
254
258
10
-0.2
4.0
0.4
-2.0
0.2
-1.4
-0.4
-0.6
0.4
-0.2
0
,
155
1
13
7
80
87
130
134
136
192
197
199
202
213
255
259
13
0.4
-0.4
3.8
0.4
3.8
-1.2
-0.2
0.4
2.6
-0.2
0.4
0.4
-1.8
0
,
156
1
13
6
8
76
88
131
135
137
198
199
203
212
240
256
13
0.2
-0.2
-0.2
2.2
1.0
-5.2
-1.8
0.4
-1.4
-0.4
0.6
0.2
-0.4
0
,
157
1
1
112
1
0.4
0
,
158
1
1
139
1
-0.4
0
,
159
1
1
161
1
-1.0
0
,
160
1
3
111
173
174
3
-0.2
-0.2
-0.2
0
,
161
1
2
64
163
2
-0.6
2.2
0
,
162
1
2
162
167
2
-2.6
0.4
0
,
163
1
5
138
162
163
165
172
5
-0.4
1.4
-0.6
-0.6
0.4
0
,
164
1
3
162
163
164
3
-2.0
-1.6
0.8
0
,
165
1
2
112
167
2
0.4
-0.8
0
,
166
1
3
165
166
264
3
0.6
-0.4
0.2
0
,
167
1
0
0
0
,
168
1
0
0
0
,
169
1
7
225
235
240
243
244
247
248
7
-0.2
-2.0
0.2
-1.0
-1.0
-1.2
-1.2
0
,
170
1
3
236
243
244
3
-2.0
-0.4
1.0
0
,
171
1
4
59
139
178
179
4
0.6
-1.4
-1.0
-0.8
0
,
172
1
33
8
24
28
45
54
55
58
60
64
67
68
72
82
111
115
164
165
166
172
173
174
175
176
177
178
180
181
184
186
196
231
264
285
33
0.6
2.2
0.2
0.6
4.2
4.0
0.2
0.2
0.2
-1.0
-1.0
2.0
-0.6
0.8
0.4
14.2
7.8
1.4
0.2
0.2
0.8
2.6
5.8
0.2
1.0
0.6
1.2
0.8
-0.2
0.2
0.2
0.6
0.2
0
,
173
1
31
24
25
28
54
55
56
59
60
63
64
67
68
72
111
114
139
165
167
172
173
175
176
177
179
180
181
186
196
264
275
294
31
0.8
2.0
0.8
-3.2
4.0
-0.4
0.4
0.4
-0.2
0.4
-0.2
-1.4
3.4
0.2
1.2
1.8
4.2
5.0
0.2
2.0
7.2
5.8
0.4
0.4
1.8
2.6
0.2
0.2
0.8
0.2
-0.2
0
,
174
1
5
63
174
176
178
180
5
-0.2
0.4
-0.4
0.2
0.2
0
,
175
1
4
113
174
175
179
4
0.2
0.2
-2.0
1.0
0
,
176
1
1
184
1
-0.2
0
,
177
1
10
54
62
64
72
81
82
138
139
164
172
10
0.2
-0.2
0.4
0.8
0.4
2.2
0.2
0.2
0.2
0.4
0
,
178
1
16
16
56
64
67
72
81
82
117
158
178
179
263
280
286
289
299
16
0.2
0.6
0.8
0.8
0.6
-0.8
-1.0
0.4
0.2
1.8
0.2
0.2
0.2
0.2
0.4
0.2
0
,
179
1
15
1
28
66
70
112
113
163
175
182
195
197
204
220
237
243
15
0.2
0.6
1.8
-0.2
2.0
0.8
0.6
0.2
0.2
-1.6
0.4
-0.4
-0.2
0.2
-0.2
0
,
180
1
17
6
28
45
56
63
65
71
111
117
172
174
178
196
204
284
285
286
17
-0.2
-0.2
-0.2
0.6
-0.2
-0.4
0.4
-0.6
0.2
-0.2
0.2
0.2
-1.2
-0.2
0.2
-0.2
-0.4
0
,
181
1
9
11
15
48
62
63
70
116
162
163
9
0.2
0.2
6.8
-0.2
-0.4
-0.2
0.2
0.6
0.8
0
,
182
1
10
49
64
65
117
163
166
167
181
285
286
10
3.8
0.4
0.6
0.2
0.2
0.4
0.8
0.2
0.2
0.4
0
,
183
1
15
2
72
87
111
127
139
161
174
177
179
184
244
247
253
288
15
-1.2
1.2
-0.6
0.4
1.0
0.4
0.4
-0.2
-0.6
-0.2
0.2
0.4
-0.2
-0.2
-0.2
0
,
184
1
17
60
64
113
117
163
178
179
186
198
218
252
274
284
285
286
288
292
17
0.2
0.4
0.2
0.2
0.4
1.2
0.6
0.2
-1.0
0.6
0.6
0.2
0.8
1.2
1.0
0.2
0.2
0
,
185
1
7
71
138
139
178
179
275
294
7
-0.2
0.2
-0.6
0.8
-1.8
0.2
-0.2
0
,
186
1
6
139
174
178
179
186
275
6
-0.4
-0.2
-0.2
-0.4
-0.2
-0.2
0
,
187
1
36
3
5
7
14
19
21
26
28
44
46
52
54
75
77
78
80
87
88
111
136
189
190
199
200
204
206
207
208
210
211
245
246
247
248
255
259
36
0.4
-9.2
0.2
0.4
-10.2
5.8
-0.2
-1.6
-1.8
0.6
4.2
-0.6
-2.0
1.2
0.6
-3.6
0.2
-0.2
-0.6
-0.8
7.6
-1.2
-6.8
-0.6
-2.2
-1.0
-1.2
-0.2
-4.0
-2.8
-1.8
-1.0
-3.8
-4.8
-3.0
0.4
0
,
188
1
36
4
6
20
22
23
28
40
45
53
76
79
88
111
137
157
181
188
189
191
196
198
199
204
206
207
210
211
213
227
244
245
246
247
248
256
260
36
-0.2
-12.2
-10.0
-5.0
-0.4
0.8
0.4
0.6
-4.4
-0.6
3.6
0.2
-0.8
-0.4
2.0
-0.4
-4.6
-0.6
-1.6
-0.2
0.6
-7.2
-0.8
-0.4
-0.4
-4.4
-4.2
-0.2
-0.2
-0.2
-2.8
-0.6
-6.2
-3.2
-4.0
-0.4
0
,
189
1
23
5
14
17
18
19
46
52
80
85
87
113
132
152
188
197
199
200
205
214
246
251
257
259
23
0.8
-2.2
0.4
1.6
8.4
-0.2
7.0
4.4
0.6
-0.6
0.4
0.2
4.8
-0.4
-0.6
3.6
-1.8
1.6
0.2
0.2
0.2
-1.6
1.8
0
,
190
1
21
13
17
20
53
79
80
113
153
189
198
199
201
205
210
214
217
218
247
258
259
260
21
3.2
0.6
12.0
-6.2
-3.8
-0.2
-1.2
-4.2
-0.2
0.4
3.0
0.8
3.6
0.2
-0.2
0.4
0.2
0.2
-0.2
0.6
3.8
0
,
191
1
17
1
8
24
85
86
87
88
133
134
155
156
193
222
240
253
254
255
17
0.6
0.2
0.4
2.2
2.6
-4.0
2.6
0.2
-0.2
0.4
0.8
0.6
0.2
-0.6
0.2
-0.2
-1.6
0
,
192
1
21
1
8
14
21
24
85
86
87
88
133
154
155
157
192
200
222
231
232
253
254
256
21
0.2
1.0
0.2
2.2
0.6
-1.6
-3.8
3.4
2.4
0.4
1.2
0.4
0.6
0.4
0.2
0.2
-0.6
-0.6
0.2
-0.2
0.6
0
,
193
1
14
1
15
17
18
32
68
72
79
98
173
174
220
222
259
14
0.2
0.4
0.4
0.4
0.4
0.4
-0.4
0.6
0.2
2.4
3.8
-0.4
0.2
-0.8
0
,
194
1
10
3
11
13
15
24
62
81
116
196
220
10
-0.2
2.0
0.2
0.4
0.4
0.2
0.4
-1.8
0.2
0.2
0
,
195
1
15
2
8
12
16
43
51
62
65
67
74
76
86
117
183
256
15
0.2
0.4
2.0
0.6
2.8
0.2
-0.2
-0.2
0.2
1.0
-0.2
-0.4
1.2
0.8
-0.6
0
,
196
1
20
3
4
5
7
14
21
28
55
66
70
75
79
80
113
180
185
190
204
224
255
20
-3.6
-2.4
-0.8
0.2
0.2
0.8
0.2
0.2
0.2
-0.2
0.4
0.6
2.0
3.2
-0.6
-0.2
-0.2
0.4
-0.2
1.2
0
,
197
1
15
3
4
5
6
13
74
79
113
181
185
191
204
221
229
256
15
3.0
-2.2
0.2
4.8
1.0
1.2
1.4
2.6
-0.4
-1.2
1.0
0.8
0.4
-0.2
1.4
0
,
198
1
24
3
6
19
85
86
132
134
135
136
137
154
155
157
185
191
197
202
203
217
219
241
249
252
259
24
-0.6
-0.4
-0.2
0.2
-0.8
-0.4
-5.0
-3.8
-1.0
-1.0
0.6
0.4
3.6
-0.4
-0.4
0.4
0.4
-0.2
0.4
-0.2
-0.4
-0.6
-0.2
0.4
0
,
199
1
26
1
13
14
21
27
44
69
70
116
117
188
190
192
193
195
200
201
205
210
224
225
226
227
245
248
273
26
-1.8
0.2
9.4
-7.0
-1.0
0.8
-0.6
-1.0
0.8
0.2
-0.4
-0.2
0.2
-2.0
1.4
2.2
0.8
2.0
-0.6
-2.2
-2.8
-1.0
2.4
0.4
-0.2
2.0
0
,
200
1
25
2
13
14
22
61
65
69
70
71
111
117
188
192
193
196
200
205
211
218
224
225
226
227
245
246
25
3.0
-11.2
-1.0
-6.8
-0.2
0.2
0.4
-0.6
-0.4
-1.0
-0.2
0.4
-1.6
-0.2
2.0
-0.4
-3.0
0.2
-0.4
3.2
4.6
6.6
-1.4
0.2
-0.6
0
,
201
1
16
1
7
44
85
87
126
130
132
133
136
184
199
202
227
249
251
16
-0.8
-0.6
-0.8
-1.6
0.8
-2.2
-2.6
5.6
0.2
-7.2
-3.2
-3.6
-0.4
2.4
-2.4
3.0
0
,
202
1
17
2
8
79
88
127
131
133
137
157
184
196
199
215
231
250
252
256
17
1.8
0.4
-0.2
-0.6
5.6
3.2
-8.6
8.6
3.6
3.8
-0.4
1.4
0.2
0.2
3.2
2.6
2.0
0
,
203
1
21
5
6
7
11
19
28
40
44
65
66
74
76
111
116
180
188
197
198
221
255
256
21
-0.8
1.4
0.2
-0.4
-0.2
0.2
0.2
0.8
-0.4
1.6
-0.4
1.4
-0.8
0.6
0.2
0.6
1.6
1.0
0.2
0.2
0.8
0
,
204
1
19
67
71
85
114
153
173
185
190
191
201
205
210
211
217
218
231
245
246
259
19
-0.2
-0.2
-0.6
0.2
0.4
-0.4
0.2
-1.0
-0.2
0.4
-0.6
0.2
0.2
-0.2
-0.2
1.6
-0.4
-0.6
-0.2
0
,
205
1
13
3
5
69
78
88
188
189
193
207
210
242
246
247
13
0.4
-0.2
1.0
0.6
-0.4
1.6
0.6
-0.2
-1.6
-0.2
-0.2
-0.2
-1.2
0
,
206
1
12
2
3
20
79
113
188
189
192
220
224
245
248
12
-1.0
0.4
-0.2
-0.4
0.4
-2.4
-0.6
-0.8
0.2
-0.2
-0.2
-0.2
0
,
207
1
26
25
63
87
127
128
129
130
152
154
155
188
189
205
207
209
211
213
217
221
222
239
248
251
256
258
259
26
0.2
0.2
-1.4
2.2
4.0
1.6
6.0
4.4
0.2
2.2
9.6
9.6
0.2
-0.2
-0.2
-1.2
-8.6
-0.2
0.2
-0.4
-0.2
-0.6
-1.4
-0.4
1.8
4.6
0
,
208
1
21
24
26
88
117
126
129
131
153
154
188
189
205
210
212
217
220
247
252
253
257
260
21
0.2
-0.2
0.8
-0.2
0.6
2.4
8.0
5.2
2.0
7.0
10.6
-0.2
-1.4
-8.2
-0.2
-0.2
-0.6
-0.2
-0.4
3.0
6.4
0
,
209
1
27
3
4
69
70
128
129
134
135
152
153
188
189
200
201
205
206
211
219
220
221
223
233
236
244
245
254
260
27
-2.2
0.2
-0.2
0.2
0.6
2.2
-1.0
-0.6
1.2
1.8
5.2
1.8
1.8
3.0
-2.0
-0.8
-2.2
-1.2
-0.4
-4.0
-0.8
-0.8
-0.2
-0.4
-0.6
-0.2
0.4
0
,
210
1
29
4
16
23
70
86
128
129
134
153
188
189
190
200
201
205
207
210
212
218
219
220
221
222
223
244
245
246
254
256
29
1.2
0.2
-0.6
-0.4
-0.2
1.8
0.8
-0.6
0.4
3.4
7.0
-0.2
4.2
2.4
-3.2
-0.8
-1.6
-0.4
-2.6
-0.2
-3.2
1.4
-0.2
-0.2
-0.6
-0.2
-0.2
-0.2
-1.6
0
,
211
1
20
17
85
126
128
129
131
152
157
170
188
189
206
208
209
210
211
220
252
257
260
20
-0.6
2.6
0.6
4.4
1.6
1.0
0.6
3.6
-0.2
9.6
11.4
-1.0
-0.2
-5.2
-0.4
-1.8
-3.0
-0.2
3.6
3.8
0
,
212
1
23
86
87
127
128
129
130
153
156
188
189
191
207
208
209
210
212
213
221
224
243
251
258
259
23
0.6
-1.6
6.4
1.0
3.4
0.6
1.2
2.8
9.6
9.4
-0.2
-0.2
-4.4
-0.6
-0.6
-0.2
-0.4
4.6
-0.2
-0.2
-0.2
2.4
3.4
0
,
213
1
15
132
133
137
153
154
191
194
214
217
241
242
245
246
248
258
15
0.4
0.6
0.4
-0.2
-0.2
0.2
1.0
0.2
-0.2
0.8
5.0
1.4
1.0
1.8
-1.4
0
,
214
1
12
126
129
132
133
135
136
137
152
154
249
251
252
12
0.2
1.0
2.2
2.4
1.0
1.4
1.6
1.0
0.4
1.6
1.6
0.2
0
,
215
1
17
3
128
132
133
134
136
137
153
155
157
199
210
216
223
250
251
252
17
-0.2
0.8
1.6
2.2
2.0
1.2
3.4
0.6
0.2
0.4
1.2
0.6
1.0
0.8
0.2
0.6
0.8
0
,
216
1
18
132
133
134
135
136
137
185
199
205
208
215
227
243
244
245
247
251
252
18
0.2
1.0
1.0
0.4
0.4
3.0
0.8
2.0
-0.6
0.4
0.2
0.2
4.0
1.6
0.2
0.2
2.0
0.4
0
,
217
1
13
14
17
46
69
70
113
185
193
200
201
225
231
273
13
0.2
-0.2
0.2
-0.4
-0.4
2.8
0.6
0.2
0.4
0.2
-1.0
-0.6
-2.0
0
,
218
1
10
13
113
185
192
200
201
210
224
225
226
10
1.2
1.8
-1.4
0.4
0.4
1.4
-0.2
-0.2
-0.2
-2.2
0
,
219
1
20
3
11
15
24
26
60
63
70
81
85
87
128
182
193
197
204
211
223
225
255
20
1.4
-0.4
-0.6
0.6
-0.2
0.4
-0.2
-0.4
0.6
-1.2
0.4
0.2
-0.2
-0.2
1.2
-0.2
0.2
-1.6
-0.2
1.0
0
,
220
1
14
4
16
45
61
86
116
117
135
183
204
239
244
254
256
14
1.0
-0.8
-1.2
0.2
0.2
-0.2
-0.2
0.2
0.2
-0.2
0.2
0.6
1.6
1.2
0
,
221
1
17
3
26
85
86
87
129
130
132
154
156
198
208
210
218
220
223
232
17
0.2
-0.2
-0.2
-1.4
2.0
0.6
0.2
-0.2
0.2
0.4
3.4
0.2
-0.6
-0.4
-0.2
-0.6
-3.0
0
,
222
1
16
3
70
85
86
87
88
155
157
197
207
210
216
220
232
240
253
16
0.4
-0.2
1.6
0.2
1.0
-3.0
0.6
0.2
4.6
-0.4
0.2
-0.6
-0.8
1.4
0.2
-1.0
0
,
223
1
14
13
14
69
70
81
171
188
200
207
220
221
228
243
273
14
1.2
0.4
0.2
-0.4
0.6
1.0
0.2
0.2
-2.4
0.2
0.6
0.8
3.2
-3.6
0
,
224
1
13
3
13
14
69
111
170
189
200
206
226
228
231
244
13
0.2
2.0
0.4
-0.6
-1.0
-1.6
0.2
0.8
2.2
1.0
0.8
0.4
2.4
0
,
225
1
16
13
17
26
46
69
111
170
192
200
201
222
230
242
265
290
298
16
0.6
-0.6
1.6
-0.4
0.6
-0.6
-0.2
0.4
2.0
2.2
-0.2
0.8
-1.6
-0.2
0.2
-0.2
0
,
226
1
11
14
27
55
111
200
201
218
227
229
241
245
11
0.2
0.6
1.2
-0.2
2.0
1.6
-0.2
-0.2
0.8
1.8
-0.2
0
,
227
1
13
58
59
60
61
65
67
71
111
117
184
224
225
226
13
-1.0
0.2
-3.6
0.2
-0.2
0.2
-1.8
-0.4
0.2
0.4
-0.4
0.4
0.2
0
,
228
1
9
54
58
59
60
61
68
71
227
286
9
-0.4
-0.4
1.0
3.2
2.4
-0.6
-1.8
-0.4
-0.2
0
,
229
1
8
55
58
59
60
61
71
117
226
8
-0.4
-1.0
-0.2
2.4
-2.2
-1.2
0.2
0.4
0
,
230
1
6
24
56
82
232
234
242
6
0.4
0.2
-0.4
0.8
0.8
3.6
0
,
231
1
3
184
233
241
3
1.0
0.8
3.6
0
,
232
1
12
14
25
70
188
220
221
232
237
241
245
254
256
12
-0.2
0.2
-0.6
0.6
-0.4
-0.2
-0.4
0.4
-3.8
2.8
-0.6
-0.4
0
,
233
1
14
3
13
22
26
85
137
189
220
231
238
242
246
247
253
14
-0.4
-0.4
-0.2
0.2
0.8
0.2
0.8
0.4
0.4
0.4
4.0
-2.8
-0.2
0.4
0
,
234
1
12
87
170
189
207
211
213
220
240
241
243
248
253
12
1.2
-2.0
1.4
-1.0
0.2
-0.4
-0.8
-1.0
0.6
0.2
6.0
-0.4
0
,
235
1
15
13
69
88
171
188
206
212
221
239
240
242
244
247
254
256
15
-0.4
-0.4
1.4
-2.0
-0.4
1.0
-0.4
0.4
1.0
-0.2
0.2
-0.2
6.0
0.6
-0.8
0
,
236
1
7
85
126
154
220
224
233
245
7
-0.4
0.6
1.8
-1.0
-0.2
-0.8
2.8
0
,
237
1
12
13
86
155
210
213
222
224
232
234
246
248
254
12
0.6
0.2
1.2
0.6
0.2
0.2
-0.2
-0.2
-0.8
2.8
-6.0
0.4
0
,
238
1
15
8
72
156
173
207
213
221
224
231
236
245
247
253
259
260
15
0.4
0.8
2.6
-1.4
0.2
0.2
-0.4
0.2
-0.2
-0.4
-0.4
-6.0
-0.2
0.2
1.0
0
,
239
1
13
3
14
69
85
157
174
212
220
235
246
254
259
260
13
0.4
0.4
0.4
0.4
3.6
2.0
-0.2
0.8
-0.4
-0.6
0.4
0.8
0.8
0
,
240
1
16
5
21
27
66
70
75
86
111
192
207
227
233
242
243
245
254
16
-0.2
-4.8
-0.8
0.6
0.6
-0.4
-0.2
-1.2
1.0
-0.2
-0.2
-3.6
-0.6
-0.4
-0.6
-0.8
0
,
241
1
21
3
6
22
24
26
65
85
111
188
189
192
193
213
225
226
231
234
244
246
253
260
21
0.2
-0.4
-3.4
0.4
-1.4
-0.8
1.0
-1.2
1.4
-0.4
0.2
0.6
-0.2
-0.4
-0.4
-2.2
-3.4
-0.4
-0.6
-0.6
0.2
0
,
242
1
19
3
5
7
15
21
62
66
75
87
111
170
171
220
232
235
237
241
253
273
19
-0.4
-1.8
1.0
-0.8
4.2
0.2
0.2
-0.6
0.2
-1.0
-2.0
-1.4
0.4
-2.2
-0.4
-0.2
-0.4
-0.2
-0.6
0
,
243
1
17
6
8
22
45
65
88
111
170
171
173
189
210
221
225
236
254
256
17
-3.8
-1.0
-2.0
1.4
-0.8
0.4
-1.2
-2.6
-2.0
-0.6
0.4
-0.4
-0.2
-0.2
-0.4
-0.2
-1.4
0
,
244
1
25
14
25
152
153
188
189
191
192
193
200
201
205
207
214
220
223
227
233
237
239
241
246
248
257
258
25
3.4
0.2
1.6
0.6
4.4
6.4
0.4
-2.2
1.8
2.2
1.8
-0.2
1.2
-0.2
0.2
-0.6
-3.4
-3.4
-2.0
0.2
-1.4
0.8
2.8
0.4
2.2
0
,
245
1
27
13
22
27
70
88
152
153
188
189
192
193
200
201
205
206
210
211
214
217
220
226
234
238
242
245
247
257
27
3.2
0.8
-0.2
-0.6
-0.4
1.8
0.2
6.6
5.2
-1.6
1.8
2.8
2.8
-1.2
-1.6
0.2
0.2
-0.8
-0.2
0.4
-3.6
3.4
2.0
0.8
-0.2
-4.4
0.6
0
,
246
1
28
2
5
14
21
26
27
77
80
111
153
171
188
189
191
193
200
201
205
206
217
218
225
226
236
239
246
248
260
28
0.2
0.2
1.4
0.6
0.2
0.4
0.2
0.2
0.2
2.2
0.4
2.8
8.6
-0.4
-1.2
2.2
0.4
-0.2
0.4
-0.2
-0.2
-1.0
-0.2
-2.0
-4.4
-1.0
-0.2
2.2
0
,
247
1
24
1
4
13
55
70
87
152
153
170
188
189
190
191
192
193
201
205
207
235
240
245
247
258
259
24
0.6
0.2
0.8
0.2
0.2
0.2
2.0
0.8
-0.4
6.4
5.2
-1.2
0.4
0.2
0.6
0.6
-0.2
0.6
2.0
-4.4
3.4
-0.4
0.6
2.6
0
,
248
1
5
81
85
126
132
184
5
0.6
1.6
2.0
-1.6
0.6
0
,
249
1
5
82
86
127
133
135
5
-0.6
0.6
1.6
1.0
-0.4
0
,
250
1
8
1
87
113
128
130
134
136
213
8
0.2
-1.2
0.2
0.8
0.8
0.4
-1.4
1.6
0
,
251
1
7
79
88
131
135
137
199
203
7
0.2
-0.6
0.8
-0.2
-3.2
0.2
-0.2
0
,
252
1
5
3
85
128
179
253
5
-0.4
2.2
0.2
0.4
0.2
0
,
253
1
8
4
8
25
86
135
192
193
256
8
-0.2
1.2
0.2
2.8
0.6
0.4
-0.4
1.6
0
,
254
1
18
1
5
15
18
28
44
52
87
111
134
179
188
197
204
220
253
255
259
18
-0.4
-0.2
-0.2
-0.4
1.0
0.4
0.2
-0.4
-0.2
-0.6
-0.4
-0.4
-1.2
-1.8
0.6
-5.2
-0.6
-0.4
0
,
255
1
21
2
4
6
8
16
18
53
61
79
86
129
135
137
181
196
198
204
210
221
254
258
21
0.4
-0.4
-2.0
1.6
-1.0
-0.4
-1.0
-0.2
0.2
-0.4
-0.2
-0.2
-0.2
-0.2
-0.6
-0.6
-1.2
-0.2
-0.6
-3.2
0.2
0
,
256
1
7
21
85
111
152
154
190
253
7
0.6
1.4
0.6
0.4
0.6
-0.6
0.2
0
,
257
1
5
2
86
127
205
250
5
0.4
0.6
0.4
-0.2
-0.2
0
,
258
1
6
87
130
152
153
205
213
6
1.0
0.8
0.2
0.6
-0.2
0.4
0
,
259
1
9
6
76
88
191
198
199
205
212
252
9
-0.4
0.2
0.4
-0.4
0.4
0.8
-1.0
-0.2
0.2
0
,
260
1
8
54
60
61
114
226
265
273
290
8
-0.4
2.4
1.0
1.0
0.2
0.4
1.4
-1.6
0
,
261
1
6
54
55
56
58
281
291
6
1.8
0.8
-0.2
0.4
0.2
-0.4
0
,
262
1
12
54
55
59
64
173
179
264
282
283
274
292
293
12
-1.2
-2.6
0.2
0.2
0.2
0.2
0.8
0.4
0.4
0.6
0.4
-0.6
0
,
263
1
14
54
58
97
111
164
165
166
167
176
178
187
275
293
294
14
1.0
0.2
0.2
0.2
-1.0
-0.2
-1.2
-1.6
-0.6
0.2
-0.2
1.0
2.6
-2.2
0
,
264
1
12
54
55
56
59
61
63
72
111
226
273
276
295
12
1.6
-1.0
0.6
0.2
0.8
0.2
-0.2
0.4
0.4
0.4
1.0
-2.4
0
,
265
1
12
54
55
57
58
59
60
61
226
265
273
276
296
12
-1.2
1.2
-0.6
0.6
0.4
0.2
0.2
0.4
0.4
0.4
2.2
0.8
0
,
266
1
10
54
55
57
61
226
266
273
277
278
297
10
-1.4
1.2
0.4
0.4
0.4
0.4
0.4
2.0
0.2
0.2
0
,
267
1
8
54
55
58
59
269
277
278
298
8
-1.4
-0.4
0.2
0.6
0.4
0.2
0.2
0.4
0
,
268
1
10
54
55
64
111
117
179
268
279
298
299
10
-1.6
-1.8
0.2
0.2
0.4
0.2
0.4
0.4
0.2
0.6
0
,
269
1
4
54
55
280
300
4
-1.4
1.4
0.6
0.4
0
,
270
1
5
54
55
111
280
301
5
1.4
-1.4
0.2
0.4
0.4
0
,
271
1
6
54
55
176
281
301
302
6
1.4
1.4
0.4
0.2
-0.2
-0.6
0
,
272
1
12
3
14
62
111
115
193
200
201
248
265
290
298
12
-0.4
0.6
0.4
0.2
0.2
1.4
1.6
0.4
-0.2
0.2
-1.0
0.2
0
,
273
1
2
263
292
2
1.2
0.2
0
,
274
1
5
111
173
174
264
293
5
0.4
0.2
0.6
0.8
0.2
0
,
275
1
10
21
56
62
105
226
265
266
286
295
296
10
0.2
0.6
-0.4
-0.2
0.2
0.2
0.2
0.2
-0.8
-0.4
0
,
276
1
7
72
174
184
266
267
296
297
7
0.2
0.2
0.4
0.6
1.6
-0.2
0.4
0
,
277
1
7
173
174
267
268
269
286
298
7
0.6
0.2
0.2
0.2
0.2
0.2
0.4
0
,
278
1
4
176
269
278
299
4
0.2
1.4
0.2
-0.2
0
,
279
1
6
173
174
176
270
271
300
6
0.4
0.8
0.8
0.2
0.2
-0.4
0
,
280
1
3
272
300
301
3
0.2
0.2
-0.4
0
,
281
1
3
272
262
302
3
0.2
0.2
-0.4
0
,
282
1
2
262
291
2
0.2
-0.2
0
,
283
1
5
62
64
71
285
286
5
-0.2
0.4
-0.4
0.6
1.0
0
,
284
1
7
71
117
179
183
276
284
286
7
-0.4
1.2
0.2
0.2
0.2
0.8
0.4
0
,
285
1
5
56
117
284
285
287
5
0.6
0.2
0.4
0.8
0.2
0
,
286
1
2
117
288
2
0.2
0.8
0
,
287
1
4
116
117
287
288
4
1.8
0.4
0.4
1.2
0
,
288
1
1
71
1
-0.2
0
,
289
1
10
29
65
183
226
261
265
273
284
285
286
10
4.0
-0.2
-0.2
0.8
0.6
0.2
0.8
1.0
0.4
0.4
0
,
290
1
9
30
96
97
104
175
272
262
282
283
9
2.0
1.4
1.0
1.4
-0.6
0.6
0.4
1.2
1.0
0
,
291
1
11
30
96
97
104
158
272
262
263
283
274
289
11
2.0
1.0
2.2
1.0
2.0
0.6
0.6
1.0
1.2
1.4
1.0
0
,
292
1
16
31
71
96
97
104
158
159
178
186
262
263
264
274
275
289
294
16
4.0
0.6
1.0
2.2
1.0
2.4
2.0
0.2
0.2
0.6
0.6
1.4
1.2
0.4
0.6
-0.2
0
,
293
1
10
31
96
97
104
112
158
159
179
264
275
10
0.8
1.0
0.2
1.0
-0.2
2.0
2.0
0.4
2.4
4.4
0
,
294
1
14
32
60
89
90
98
105
226
265
266
273
276
284
285
286
14
4.2
0.2
0.8
3.4
4.8
0.2
0.4
5.4
0.6
0.4
2.8
0.2
0.6
0.2
0
,
295
1
14
33
57
60
90
91
98
99
106
179
266
276
277
284
286
14
4.6
0.4
0.2
2.2
8.6
0.4
6.6
-0.2
0.6
2.2
0.8
0.8
0.4
0.4
0
,
296
1
15
34
91
92
94
99
100
102
106
179
267
277
278
284
285
286
15
4.2
2.6
2.2
0.6
3.0
1.8
0.6
0.2
1.2
1.6
1.2
0.2
0.8
1.2
0.6
0
,
297
1
13
35
92
93
94
100
102
194
268
269
278
284
285
286
13
2.4
4.2
0.2
0.6
4.8
0.6
-0.2
1.8
0.6
0.6
0.8
0.8
0.6
0
,
298
1
14
36
93
94
100
101
102
179
269
270
279
280
284
285
286
14
4.0
4.4
2.6
0.8
2.8
2.6
0.2
1.2
0.4
2.0
0.2
0.2
0.4
1.0
0
,
299
1
10
37
94
95
102
103
179
270
271
280
286
10
4.0
2.6
2.0
2.6
2.0
0.2
2.6
0.4
4.4
1.6
0
,
300
1
7
38
95
96
103
104
271
281
7
4.0
2.4
1.0
2.4
1.0
0.6
1.0
0
,
301
1
11
39
95
96
97
103
104
113
271
272
281
282
11
4.0
2.0
1.0
1.0
2.0
1.0
-0.4
0.6
0.4
1.2
1.0
0
,
