1
1
17
255
253
44
192
73
180
1
5
81
3
11
7
115
156
2
59
182
17
0.15
0.1
-0.286
0.071
0.1
-0.089
0.18
0.15
-0.214
0.235
-0.298
0.141
0.122
0.004
-0.195
0.1
0.1
0
,
2
1
18
45
192
254
221
256
252
260
8
193
184
204
12
6
201
4
115
58
183
18
0.25
0.2
0.1
0.1
-0.246
-0.006
0.092
0.079
0.1
0.018
-0.097
0.126
0.1
0.15
0.293
0.004
0.1
-0.063
0
,
3
1
8
114
210
134
235
4
81
17
198
8
0.15
-0.043
0.2
-0.071
-0.288
0.2
-0.255
0.102
0
,
4
1
15
153
254
115
27
221
82
135
210
3
72
114
68
18
69
183
15
0.15
-0.191
0.2
0.1
-0.27
0.1
0.15
0.156
0.15
0.1
-0.263
0.086
0.276
0.024
0.029
0
,
5
1
14
75
52
197
21
11
255
204
44
46
188
9
77
253
202
14
0.3
0.113
0.277
0.1
-0.277
-0.066
0.184
0.3
-0.192
-0.089
0.1
0.19
0.043
-0.143
0
,
6
1
21
74
76
204
199
189
65
256
16
20
40
181
78
22
6
79
45
244
10
43
248
12
21
0.25
0.25
0.1
0.1
0.079
0.2
0.1
-0.031
-0.08
0.225
0.3
0.108
0.149
0.116
0.183
0.1
0.043
0.1
0.268
-0.187
0.15
0
,
7
1
10
44
41
232
116
11
197
1
8
73
59
10
0.15
0.15
0.185
-0.276
-0.122
0.299
0.1
-0.2
0.022
0.126
0
,
8
1
19
12
88
256
45
66
51
254
240
137
244
116
173
41
47
14
8
196
192
43
19
0.3
0.1
0.233
0.3
0.1
0.2
0.1
0.134
0.1
0.1
0.148
-0.009
-0.129
-0.214
0.158
0.1
-0.072
-0.049
-0.177
0
,
9
1
14
73
19
41
18
77
5
9
21
85
10
60
40
253
13
14
0.2
0.15
0.1
0.3
0.1
-0.025
-0.3
-0.28
0.239
0.1
0.263
0.2
0.2
-0.109
0
,
10
1
13
74
17
20
6
198
41
40
18
204
254
45
78
213
13
0.3
0.3
-0.109
0.006
0.23
0.2
0.2
0.1
-0.268
-0.001
0.1
-0.178
-0.218
0
,
11
1
25
42
15
50
182
44
41
7
21
40
75
5
46
183
77
78
47
51
117
116
63
1
18
12
13
48
25
0.3
0.15
0.3
0.25
0.3
0.3
0.3
0.3
0.2
0.15
0.254
0.1
0.06
0.1
0.1
0.1
-0.065
0.1
0.2
0.097
0.125
0.1
-0.113
0.1
-0.015
0
,
12
1
15
45
43
8
51
16
183
47
78
22
74
41
77
14
17
12
15
0.3
0.3
0.3
0.3
0.3
0.3
0.2
0.25
0.25
0.2
0.15
0.15
-0.08
0.169
-0.015
0
,
13
1
38
232
11
77
7
185
201
44
22
200
40
226
193
13
41
42
50
21
19
5
113
79
191
224
225
78
117
9
46
198
1
18
114
2
205
246
214
234
206
38
0.25
0.3
0.3
0.3
0.1
0.3
0.3
0.3
0.001
0.3
0.069
-0.118
0.029
0.15
0.2
0.3
0.3
0.15
-0.271
0.1
0.1
0.1
-0.106
-0.029
0.1
0.212
-0.147
0.1
0.15
-0.155
0.1
0.1
0.011
0.239
0.044
0.2
-0.247
0.063
0
,
14
1
35
21
200
41
231
45
78
40
8
185
193
12
113
5
248
43
22
77
47
223
197
57
227
190
52
225
75
51
114
2
1
205
245
235
207
180
35
0.3
0.3
0.3
-0.224
0.15
0.3
0.3
0.3
0.3
0.1
0.3
0.3
0.163
-0.227
0.3
0.15
0.1
0.1
-0.217
0.3
-0.163
-0.299
0.1
-0.157
-0.19
0.08
0.2
0.1
0.1
0.1
-0.204
0.1
-0.176
0.254
0.113
0
,
15
1
9
11
50
63
255
24
62
243
240
42
9
0.2
0.2
-0.219
0.1
-0.087
0.036
0.175
-0.129
0.043
0
,
16
1
12
51
116
16
221
256
76
204
183
244
88
49
70
12
0.2
0.13
0.161
0.226
0.1
-0.039
0.154
-0.043
-0.222
0.135
0.172
-0.197
0
,
17
1
8
20
67
53
79
191
18
85
43
8
0.216
0.146
0.1
0.065
0.04
0.1
0.101
-0.018
0
,
18
1
8
18
9
53
42
79
188
46
52
8
-0.121
0.1
-0.202
0.1
0.03
-0.215
0.037
0.156
0
,
19
1
14
40
77
46
78
9
41
75
52
80
199
73
20
200
69
14
0.3
0.3
0.1
0.3
0.3
0.3
0.035
0.296
-0.11
0.218
0.15
0.15
-0.141
0.277
0
,
20
1
14
74
41
10
78
6
40
14
199
46
43
53
76
47
201
14
0.2
0.3
0.3
0.3
0.1
0.3
0.222
0.1
0.1
0.103
0.1
-0.212
0.119
0.1
0
,
21
1
25
5
199
193
73
111
204
11
75
188
257
255
77
241
197
19
41
117
116
44
40
52
196
46
22
42
25
0.3
0.3
0.169
0.3
0.15
0.3
0.1
0.3
-0.092
-0.258
-0.167
-0.029
-0.141
0.3
0.3
0.192
0.1
0.15
0.15
-0.183
0.1
-0.218
0.138
0.1
0.039
0
,
22
1
21
191
20
74
6
199
13
117
116
204
198
111
76
197
12
53
61
246
79
239
45
43
21
0.1
0.3
0.3
0.3
0.25
0.15
0.191
0.1
0.3
0.25
0.1
0.3
0.1
0.009
-0.046
0.168
-0.274
0.1
0.084
0.1
0.067
0
,
23
1
9
51
48
7
16
59
194
61
54
117
9
0.1
0.1
0.15
-0.065
0.234
0.2
-0.061
0.273
0.053
0
,
24
1
15
195
179
60
85
15
234
24
3
232
231
81
72
184
242
209
15
0.25
0.103
-0.253
0.1
0.096
-0.191
-0.104
-0.074
-0.147
0.091
0.1
0.1
0.1
0.082
0.168
0
,
25
1
7
82
184
256
221
72
232
59
7
0.2
0.1
0.281
-0.17
-0.236
-0.143
0.1
0
,
26
1
4
242
246
247
197
4
0.25
0.1
0.1
-0.059
0
,
27
1
12
221
4
239
233
227
198
246
241
26
245
178
184
12
0.2
0.009
-0.217
0.1
0.045
0.1
0.1
0.211
-0.281
-0.124
0.008
0.2
0
,
28
1
14
237
181
204
188
111
180
14
80
174
66
69
70
56
198
14
-0.08
0.3
0.1
0.15
0.25
0.3
-0.155
0.043
0.1
0.152
0.1
0.25
0.115
0.204
0
,
29
1
14
237
181
204
188
111
180
14
80
174
66
69
70
56
198
14
-0.08
0.3
0.1
0.15
0.25
0.3
-0.155
0.043
0.1
0.152
0.1
0.25
0.115
0.204
0
,
30
1
8
54
57
172
56
262
181
59
55
8
0.15
0.134
0.028
-0.257
-0.064
-0.237
0.1
0.09
0
,
31
1
18
58
55
59
54
158
159
293
264
164
66
112
64
65
62
180
69
111
275
18
0.2
0.3
0.15
0.25
0.15
0.15
0.028
0.2
0.118
0.3
0.204
0.037
0.15
0.1
0.25
0.198
0.133
-0.137
0
,
32
1
18
58
55
59
54
158
159
293
264
164
66
112
64
65
62
180
69
111
275
18
0.2
0.3
0.15
0.25
0.15
0.15
0.028
0.2
0.118
0.3
0.204
0.037
0.15
0.1
0.25
0.198
0.133
-0.137
0
,
33
1
18
58
55
59
54
158
159
293
264
164
66
112
64
65
62
180
69
111
275
18
0.2
0.3
0.15
0.25
0.15
0.15
0.028
0.2
0.118
0.3
0.204
0.037
0.15
0.1
0.25
0.198
0.133
-0.137
0
,
34
1
18
58
55
59
54
158
159
293
264
164
66
112
64
65
62
180
69
111
275
18
0.2
0.3
0.15
0.25
0.15
0.15
0.028
0.2
0.118
0.3
0.204
0.037
0.15
0.1
0.25
0.198
0.133
-0.137
0
,
35
1
18
58
55
59
54
158
159
293
264
164
66
112
64
65
62
180
69
111
275
18
0.2
0.3
0.15
0.25
0.15
0.15
0.028
0.2
0.118
0.3
0.204
0.037
0.15
0.1
0.25
0.198
0.133
-0.137
0
,
36
1
18
58
55
59
54
158
159
293
264
164
66
112
64
65
62
180
69
111
275
18
0.2
0.3
0.15
0.25
0.15
0.15
0.028
0.2
0.118
0.3
0.204
0.037
0.15
0.1
0.25
0.198
0.133
-0.137
0
,
37
1
18
58
55
59
54
158
159
293
264
164
66
112
64
65
62
180
69
111
275
18
0.2
0.3
0.15
0.25
0.15
0.15
0.028
0.2
0.118
0.3
0.204
0.037
0.15
0.1
0.25
0.198
0.133
-0.137
0
,
38
1
18
58
55
59
54
158
159
293
264
164
66
112
64
65
62
180
69
111
275
18
0.2
0.3
0.15
0.25
0.15
0.15
0.028
0.2
0.118
0.3
0.204
0.037
0.15
0.1
0.25
0.198
0.133
-0.137
0
,
39
1
18
58
55
59
54
158
159
293
264
164
66
112
64
65
62
180
69
111
275
18
0.2
0.3
0.15
0.25
0.15
0.15
0.028
0.2
0.118
0.3
0.204
0.037
0.15
0.1
0.25
0.198
0.133
-0.137
0
,
40
1
15
41
78
21
7
18
11
9
75
17
20
73
10
47
42
77
15
0.1
0.3
0.15
0.139
-0.289
-0.2
-0.294
-0.14
0.123
0.224
0.2
-0.016
0.1
-0.119
-0.081
0
,
41
1
21
40
183
77
50
7
11
18
19
8
46
10
43
12
22
78
9
20
74
76
51
47
21
-0.175
0.15
0.149
0.1
0.3
0.2
0.1
0.181
-0.279
0.3
0.1
0.15
0.15
0.1
0.1
-0.236
0.1
0.2
0.1
-0.167
-0.261
0
,
42
1
8
7
15
11
46
206
18
73
75
8
0.147
0.15
-0.252
0.15
0.1
0.102
-0.102
0.008
0
,
43
1
11
88
76
51
78
12
16
74
47
77
20
17
11
0.1
-0.155
0.123
0.1
0.2
0.2
0.038
0.3
-0.251
-0.162
-0.255
0
,
44
1
12
7
255
117
204
75
116
73
11
13
45
50
192
12
0.1
0.058
0.1
-0.29
-0.175
-0.024
0.1
0.093
0.267
0.1
0.3
0.1
0
,
45
1
21
181
8
67
78
2
196
173
221
63
41
65
76
116
45
204
47
6
13
51
61
193
21
-0.143
0.15
-0.243
-0.165
0.1
0.15
-0.286
0.15
0.195
0.1
0.1
0.1
-0.095
0.1
0.179
-0.106
0.1
-0.224
-0.233
-0.153
0.1
0
,
46
1
5
17
77
255
74
78
5
0.3
0.181
0.111
-0.086
0.206
0
,
47
1
4
4
12
78
227
4
-0.035
0.026
-0.248
0.205
0
,
48
1
9
11
50
40
183
15
182
206
49
134
9
0.1
-0.054
-0.053
0.075
0.1
0.15
0.1
-0.214
-0.006
0
,
49
1
5
116
16
23
48
183
5
0.28
0.15
0.187
-0.061
0.1
0
,
50
1
11
48
11
15
116
182
44
41
42
46
51
65
11
0.3
0.3
0.1
0.15
0.3
-0.243
0.078
-0.059
0.1
0.1
0.1
0
,
51
1
9
183
16
49
116
48
66
117
51
221
9
0.3
0.15
0.3
-0.182
0.2
0.15
0.1
-0.212
0.216
0
,
52
1
12
5
190
255
18
14
204
111
132
77
212
75
53
12
0.3
0.15
0.3
-0.268
-0.1
0.15
0.15
0.244
0.174
0.1
0.13
0.178
0
,
53
1
11
191
6
256
111
199
189
74
17
18
79
76
11
0.295
0.3
0.3
0.2
0.127
-0.247
-0.158
0.1
0.103
-0.289
-0.165
0
,
54
1
76
72
232
13
226
192
260
193
201
137
188
44
7
255
28
234
111
190
200
242
180
224
80
52
66
77
225
27
68
174
1
156
113
231
114
115
4
3
181
82
221
164
112
55
167
163
59
173
60
58
61
57
54
172
56
165
264
138
263
31
64
63
175
176
168
169
69
139
179
257
230
228
292
184
262
274
67
76
-0.254
0.2
0.15
0.3
0.3
0.1
0.3
0.3
-0.28
0.1
0.3
0.3
0.037
0.2
0.021
0.15
0.2
0.1
0.021
0.2
0.3
0.1
0.3
-0.198
0.009
0.141
0.1
0.1
0.3
0.1
0.163
0.2
0.1
0.3
0.3
0.25
0.069
0.2
0.15
-0.138
0.25
-0.061
0.3
0.1
0.095
0.3
0.3
0.2
0.3
-0.058
0.3
0.3
0.3
0.3
0.2
0.2
0.3
0.3
-0.236
0.1
0.055
0.2
0.3
0.15
0.15
0.217
0.3
0.1
-0.1
0.11
0.25
-0.258
0.188
0.3
0.3
0.15
0
,
55
1
30
23
167
59
172
274
174
292
263
58
54
56
187
57
68
262
176
175
169
111
139
138
165
164
294
173
112
264
168
69
185
30
-0.008
0.093
0.3
0.3
0.2
0.3
0.15
0.3
0.3
0.3
0.25
-0.264
-0.03
0.1
0.3
0.3
0.3
0.2
0.033
0.3
0.15
0.3
0.3
0.064
0.3
0.231
0.25
0.1
0.156
-0.06
0
,
56
1
51
72
68
28
195
62
44
232
174
260
184
221
180
13
201
7
8
258
256
255
231
173
227
75
63
2
1
253
191
66
196
181
67
200
113
69
115
111
114
59
65
172
274
292
54
64
183
57
239
194
55
190
51
0.25
0.25
0.15
0.3
0.1
0.3
0.3
0.3
0.1
0.3
0.1
0.3
0.3
0.15
0.25
0.1
0.036
0.1
0.24
-0.065
0.2
-0.238
-0.055
0.1
0.1
0.15
0.026
0.1
0.1
-0.28
0.2
0.2
0.1
0.253
0.1
0.25
0.1
0.15
0.1
0.1
0.092
0.15
0.1
0.067
0.2
-0.288
0.3
0.214
0.243
0.137
0.001
0
,
57
1
52
181
232
196
183
1
28
231
174
256
8
184
180
67
259
173
254
2
132
243
221
200
14
190
224
63
45
76
195
111
68
56
203
72
65
114
201
115
66
179
64
292
178
82
237
194
191
59
55
185
291
274
172
52
0.3
0.25
0.3
-0.086
0.3
0.25
0.1
0.3
-0.191
0.25
0.3
0.3
0.25
0.118
0.3
0.146
0.3
0.115
0.13
0.1
0.2
0.25
0.1
-0.039
0.2
0.3
0.1
0.093
0.1
0.097
0.15
0.194
0.25
0.203
0.3
0.25
0.25
-0.202
0.25
0.1
-0.105
0.15
-0.263
0.224
0.15
-0.243
0.233
-0.222
-0.148
-0.205
0.1
0.19
0
,
58
1
42
28
232
114
3
198
174
8
45
57
7
254
65
231
173
15
68
44
72
221
1
115
61
59
172
179
67
262
264
2
169
69
138
165
178
164
139
55
195
112
292
168
185
42
-0.166
-0.273
0.3
0.22
0.097
0.3
0.3
0.3
0.1
0.1
0.12
0.15
0.1
0.2
0.23
0.1
0.2
0.15
-0.017
0.079
0.3
-0.131
0.3
0.3
0.15
0.1
0.206
0.172
-0.105
0.3
-0.266
0.1
0.1
0.2
0.226
0.2
-0.232
0.123
0.264
0.082
0.15
0.283
0
,
59
1
47
232
174
4
44
24
7
259
115
8
255
190
52
16
2
45
54
111
173
156
23
68
1
28
66
114
180
164
162
61
179
172
58
187
64
67
185
178
72
168
175
169
139
138
165
233
59
263
47
-0.239
0.25
0.1
0.3
-0.034
0.3
0.1
0.2
0.1
-0.228
-0.136
-0.123
0.208
0.1
0.1
0.1
0.167
0.2
-0.111
-0.136
0.1
-0.206
-0.29
-0.08
0.3
0.15
0.287
-0.199
0.212
0.1
0.3
0.1
0.15
0.1
0.15
-0.056
0.25
0.199
0.2
-0.085
0.2
0.1
0.1
0.15
-0.132
0.245
0.161
0
,
60
1
44
23
22
111
205
1
191
259
260
258
257
255
3
13
24
14
190
52
197
80
88
153
204
134
129
245
79
231
21
86
69
174
115
179
67
71
173
2
200
213
217
201
61
248
181
44
0.15
0.3
0.3
0.3
0.172
0.2
0.15
0.3
0.15
0.275
0.3
0.1
0.225
0.1
0.1
0.15
0.3
0.25
0.3
0.3
0.3
-0.119
-0.145
-0.185
0.2
0.1
-0.071
-0.26
0.15
0.15
-0.095
0.2
0.1
0.1
0.15
0.1
0.189
0.15
0.1
-0.206
0.1
0.044
0.17
-0.25
0
,
61
1
42
21
200
259
152
205
22
198
23
53
174
87
111
4
258
248
257
256
251
190
197
191
135
221
45
246
245
85
129
128
79
69
212
208
173
115
59
213
201
70
211
217
195
42
0.3
0.2
0.3
0.3
0.3
0.203
0.2
0.2
0.3
-0.238
0.15
0.3
0.1
0.1
0.166
0.25
0.113
-0.109
0.3
0.004
0.15
0.1
0.15
0.25
0.1
-0.148
0.3
0.1
0.1
0.2
0.267
0.1
0.1
-0.291
0.2
0.1
-0.245
0.2
0.123
0.1
0.129
0.262
0
,
62
1
20
116
117
15
16
243
63
44
196
162
66
112
62
65
179
180
59
174
64
183
293
20
0.3
0.15
0.25
0.15
-0.223
0.3
-0.255
-0.274
-0.006
0.3
0.2
0.3
0.15
0.087
0.1
0.16
0.151
-0.131
-0.176
0.178
0
,
63
1
14
116
62
15
233
16
183
66
65
117
180
182
263
292
68
14
0.15
0.3
0.15
-0.053
0.2
-0.052
0.3
0.3
0.024
0.1
-0.106
0.085
0.298
-0.264
0
,
64
1
22
167
274
111
62
66
173
63
64
178
113
26
175
163
162
164
172
187
292
174
185
196
180
22
-0.061
0.158
-0.255
0.1
0.252
0.09
-0.088
0.218
0.1
0.3
0.258
0.25
0.3
0.25
-0.17
0.3
0.197
0.179
0.145
-0.24
0.1
0.1
0
,
65
1
30
244
3
81
15
45
67
117
174
72
181
162
55
113
292
63
65
180
58
66
82
62
6
172
178
59
112
164
68
165
293
30
0.1
0.08
0.1
0.1
0.116
0.1
0.212
0.221
0.126
0.3
0.15
0.1
0.298
0.1
0.1
0.2
0.187
-0.06
0.25
0.101
0.15
-0.277
0.038
-0.192
-0.29
-0.094
-0.252
0.15
-0.055
0.2
0
,
66
1
28
243
15
75
44
180
195
117
16
164
55
167
165
292
62
166
65
185
178
66
184
162
235
293
183
182
113
163
181
28
-0.028
-0.113
-0.278
0.1
0.2
-0.092
-0.271
0.226
-0.157
-0.061
0.1
0.15
0.1
-0.145
-0.191
0.126
-0.235
-0.142
0.15
-0.073
0.29
-0.134
0.25
0.1
0.1
0.1
0.1
-0.104
0
,
67
1
36
65
116
184
8
221
181
7
15
28
117
196
2
63
173
57
68
58
62
178
82
201
115
55
167
172
186
64
54
185
179
138
174
205
59
69
187
36
0.2
0.1
0.3
0.121
0.15
0.1
-0.053
0.113
-0.161
0.237
0.15
0.3
-0.067
0.15
-0.294
0.3
0.205
0.013
0.2
0.15
0.1
0.234
-0.06
-0.224
0.15
0.1
0.2
0.129
0.1
-0.277
0.2
0.3
0.25
-0.097
0.152
-0.176
0
,
68
1
31
195
1
7
66
4
8
255
243
16
173
184
196
259
115
178
179
81
72
59
65
56
67
64
187
71
138
172
161
112
174
164
31
0.25
0.3
0.15
0.2
-0.197
0.1
0.171
0.154
-0.113
0.15
0.15
0.1
0.052
0.133
0.3
0.1
0.1
-0.073
-0.201
-0.212
-0.283
0.118
0.26
-0.146
0.13
0.057
0.1
0.177
-0.058
0.002
0.1
0
,
69
1
26
198
219
205
185
218
201
70
113
60
177
161
160
69
186
72
71
242
244
241
180
243
181
292
111
275
197
26
0.2
0.2
0.2
0.3
0.3
0.076
0.2
0.1
0.09
0.3
0.3
0.3
0.1
-0.052
0.02
0.1
0.185
-0.26
-0.032
0.1
0.1
0.1
-0.226
0.3
-0.156
-0.079
0
,
70
1
22
198
219
185
200
205
193
210
211
197
71
21
218
56
70
244
192
241
201
242
180
182
160
22
0.1
0.25
0.3
0.276
0.3
0.217
-0.295
0.151
0.1
0.173
0.084
0.3
0.1
-0.274
0.1
0.026
-0.234
-0.129
0.1
0.3
0.15
0.15
0
,
71
1
28
205
185
130
3
260
174
55
167
181
66
113
56
112
179
178
70
57
71
64
58
63
30
183
180
158
187
293
294
28
0.25
0.25
0.16
-0.166
-0.238
0.151
0.15
0.208
0.3
0.126
0.3
0.1
0.25
-0.121
-0.047
0.1
0.15
0.15
0.1
0.057
0.044
-0.15
-0.193
-0.122
0.15
-0.014
0.1
0.1
0
,
72
1
2
68
184
2
0.003
-0.015
0
,
73
1
5
75
182
7
19
74
5
0.1
-0.256
-0.276
0.15
-0.189
0
,
74
1
11
183
51
22
116
20
6
46
12
41
45
47
11
0.15
0.1
0.004
0.1
0.195
-0.154
0.1
0.15
-0.213
0.181
-0.021
0
,
75
1
9
45
7
40
9
66
73
117
116
76
9
0.224
0.15
-0.263
0.15
-0.08
0.3
0.074
0.1
-0.272
0
,
76
1
10
65
116
6
256
20
204
196
74
221
192
10
0.1
0.1
-0.098
0.066
-0.125
0.237
-0.234
-0.195
-0.104
-0.112
0
,
77
1
12
46
40
7
78
75
258
11
12
41
19
18
47
12
0.1
0.3
0.165
0.3
0.211
0.212
0.279
0.2
0.152
0.15
0.198
-0.115
0
,
78
1
14
46
40
47
77
5
6
8
21
11
12
22
19
41
14
14
0.15
0.3
0.2
0.3
0.27
-0.273
0.15
0.1
0.1
0.2
0.1
-0.211
0.149
0.074
0
,
79
1
11
6
17
191
28
80
218
53
198
199
204
197
11
0.15
0.2
0.25
0.25
0.1
-0.118
0.113
0.1
-0.254
0.139
-0.114
0
,
80
1
12
28
136
199
190
18
20
204
197
188
52
79
255
12
0.15
-0.046
-0.12
0.15
0.25
0.141
0.15
0.1
-0.294
0.1
0.261
0.1
0
,
81
1
6
24
72
179
178
70
3
6
0.3
0.15
-0.241
0.15
-0.001
0.109
0
,
82
1
7
25
86
117
16
72
65
184
7
0.3
0.15
0.1
0.211
0.2
0.096
0.163
0
,
83
1
7
25
86
117
16
72
65
184
7
0.3
0.15
0.1
0.211
0.2
0.096
0.163
0
,
84
1
7
25
86
117
16
72
65
184
7
0.3
0.15
0.1
0.211
0.2
0.096
0.163
0
,
85
1
20
152
179
255
18
188
220
48
24
234
15
253
237
205
199
3
193
192
212
61
154
20
0.15
0.093
0.11
-0.115
0.145
0.125
0.237
0.1
0.191
0.1
0.1
0.24
0.1
0.15
-0.184
0.012
-0.27
0.269
0.26
0.1
0
,
86
1
12
25
4
254
256
86
133
258
193
85
153
88
155
12
0.164
0.15
0.047
0.186
0.15
-0.032
-0.251
-0.162
-0.248
0.2
0.25
0.1
0
,
87
1
14
152
24
189
259
251
248
192
190
205
210
223
199
208
156
14
0.3
-0.162
-0.231
-0.138
0.057
-0.114
0.1
0.15
0.15
-0.163
0.026
0.15
0.1
0.1
0
,
88
1
22
51
25
244
247
184
153
16
4
254
196
17
205
189
46
47
79
199
260
82
8
157
137
22
0.058
0.15
0.15
0.202
0.1
0.3
-0.233
-0.217
-0.098
0.288
0.1
0.15
-0.102
-0.227
0.074
0.053
0.1
0.134
0.167
0.17
0.184
-0.053
0
,
89
1
22
51
25
244
247
184
153
16
4
254
196
17
205
189
46
47
79
199
260
82
8
157
137
22
0.058
0.15
0.15
0.202
0.1
0.3
-0.233
-0.217
-0.098
0.288
0.1
0.15
-0.102
-0.227
0.074
0.053
0.1
0.134
0.167
0.17
0.184
-0.053
0
,
90
1
22
51
25
244
247
184
153
16
4
254
196
17
205
189
46
47
79
199
260
82
8
157
137
22
0.058
0.15
0.15
0.202
0.1
0.3
-0.233
-0.217
-0.098
0.288
0.1
0.15
-0.102
-0.227
0.074
0.053
0.1
0.134
0.167
0.17
0.184
-0.053
0
,
91
1
22
51
25
244
247
184
153
16
4
254
196
17
205
189
46
47
79
199
260
82
8
157
137
22
0.058
0.15
0.15
0.202
0.1
0.3
-0.233
-0.217
-0.098
0.288
0.1
0.15
-0.102
-0.227
0.074
0.053
0.1
0.134
0.167
0.17
0.184
-0.053
0
,
92
1
22
51
25
244
247
184
153
16
4
254
196
17
205
189
46
47
79
199
260
82
8
157
137
22
0.058
0.15
0.15
0.202
0.1
0.3
-0.233
-0.217
-0.098
0.288
0.1
0.15
-0.102
-0.227
0.074
0.053
0.1
0.134
0.167
0.17
0.184
-0.053
0
,
93
1
22
51
25
244
247
184
153
16
4
254
196
17
205
189
46
47
79
199
260
82
8
157
137
22
0.058
0.15
0.15
0.202
0.1
0.3
-0.233
-0.217
-0.098
0.288
0.1
0.15
-0.102
-0.227
0.074
0.053
0.1
0.134
0.167
0.17
0.184
-0.053
0
,
94
1
22
51
25
244
247
184
153
16
4
254
196
17
205
189
46
47
79
199
260
82
8
157
137
22
0.058
0.15
0.15
0.202
0.1
0.3
-0.233
-0.217
-0.098
0.288
0.1
0.15
-0.102
-0.227
0.074
0.053
0.1
0.134
0.167
0.17
0.184
-0.053
0
,
95
1
22
51
25
244
247
184
153
16
4
254
196
17
205
189
46
47
79
199
260
82
8
157
137
22
0.058
0.15
0.15
0.202
0.1
0.3
-0.233
-0.217
-0.098
0.288
0.1
0.15
-0.102
-0.227
0.074
0.053
0.1
0.134
0.167
0.17
0.184
-0.053
0
,
96
1
22
51
25
244
247
184
153
16
4
254
196
17
205
189
46
47
79
199
260
82
8
157
137
22
0.058
0.15
0.15
0.202
0.1
0.3
-0.233
-0.217
-0.098
0.288
0.1
0.15
-0.102
-0.227
0.074
0.053
0.1
0.134
0.167
0.17
0.184
-0.053
0
,
97
1
22
51
25
244
247
184
153
16
4
254
196
17
205
189
46
47
79
199
260
82
8
157
137
22
0.058
0.15
0.15
0.202
0.1
0.3
-0.233
-0.217
-0.098
0.288
0.1
0.15
-0.102
-0.227
0.074
0.053
0.1
0.134
0.167
0.17
0.184
-0.053
0
,
98
1
22
51
25
244
247
184
153
16
4
254
196
17
205
189
46
47
79
199
260
82
8
157
137
22
0.058
0.15
0.15
0.202
0.1
0.3
-0.233
-0.217
-0.098
0.288
0.1
0.15
-0.102
-0.227
0.074
0.053
0.1
0.134
0.167
0.17
0.184
-0.053
0
,
99
1
22
51
25
244
247
184
153
16
4
254
196
17
205
189
46
47
79
199
260
82
8
157
137
22
0.058
0.15
0.15
0.202
0.1
0.3
-0.233
-0.217
-0.098
0.288
0.1
0.15
-0.102
-0.227
0.074
0.053
0.1
0.134
0.167
0.17
0.184
-0.053
0
,
100
1
22
51
25
244
247
184
153
16
4
254
196
17
205
189
46
47
79
199
260
82
8
157
137
22
0.058
0.15
0.15
0.202
0.1
0.3
-0.233
-0.217
-0.098
0.288
0.1
0.15
-0.102
-0.227
0.074
0.053
0.1
0.134
0.167
0.17
0.184
-0.053
0
,
101
1
22
51
25
244
247
184
153
16
4
254
196
17
205
189
46
47
79
199
260
82
8
157
137
22
0.058
0.15
0.15
0.202
0.1
0.3
-0.233
-0.217
-0.098
0.288
0.1
0.15
-0.102
-0.227
0.074
0.053
0.1
0.134
0.167
0.17
0.184
-0.053
0
,
102
1
22
51
25
244
247
184
153
16
4
254
196
17
205
189
46
47
79
199
260
82
8
157
137
22
0.058
0.15
0.15
0.202
0.1
0.3
-0.233
-0.217
-0.098
0.288
0.1
0.15
-0.102
-0.227
0.074
0.053
0.1
0.134
0.167
0.17
0.184
-0.053
0
,
103
1
22
51
25
244
247
184
153
16
4
254
196
17
205
189
46
47
79
199
260
82
8
157
137
22
0.058
0.15
0.15
0.202
0.1
0.3
-0.233
-0.217
-0.098
0.288
0.1
0.15
-0.102
-0.227
0.074
0.053
0.1
0.134
0.167
0.17
0.184
-0.053
0
,
104
1
22
51
25
244
247
184
153
16
4
254
196
17
205
189
46
47
79
199
260
82
8
157
137
22
0.058
0.15
0.15
0.202
0.1
0.3
-0.233
-0.217
-0.098
0.288
0.1
0.15
-0.102
-0.227
0.074
0.053
0.1
0.134
0.167
0.17
0.184
-0.053
0
,
105
1
22
51
25
244
247
184
153
16
4
254
196
17
205
189
46
47
79
199
260
82
8
157
137
22
0.058
0.15
0.15
0.202
0.1
0.3
-0.233
-0.217
-0.098
0.288
0.1
0.15
-0.102
-0.227
0.074
0.053
0.1
0.134
0.167
0.17
0.184
-0.053
0
,
106
1
22
51
25
244
247
184
153
16
4
254
196
17
205
189
46
47
79
199
260
82
8
157
137
22
0.058
0.15
0.15
0.202
0.1
0.3
-0.233
-0.217
-0.098
0.288
0.1
0.15
-0.102
-0.227
0.074
0.053
0.1
0.134
0.167
0.17
0.184
-0.053
0
,
107
1
22
51
25
244
247
184
153
16
4
254
196
17
205
189
46
47
79
199
260
82
8
157
137
22
0.058
0.15
0.15
0.202
0.1
0.3
-0.233
-0.217
-0.098
0.288
0.1
0.15
-0.102
-0.227
0.074
0.053
0.1
0.134
0.167
0.17
0.184
-0.053
0
,
108
1
22
51
25
244
247
184
153
16
4
254
196
17
205
189
46
47
79
199
260
82
8
157
137
22
0.058
0.15
0.15
0.202
0.1
0.3
-0.233
-0.217
-0.098
0.288
0.1
0.15
-0.102
-0.227
0.074
0.053
0.1
0.134
0.167
0.17
0.184
-0.053
0
,
109
1
22
51
25
244
247
184
153
16
4
254
196
17
205
189
46
47
79
199
260
82
8
157
137
22
0.058
0.15
0.15
0.202
0.1
0.3
-0.233
-0.217
-0.098
0.288
0.1
0.15
-0.102
-0.227
0.074
0.053
0.1
0.134
0.167
0.17
0.184
-0.053
0
,
110
1
22
51
25
244
247
184
153
16
4
254
196
17
205
189
46
47
79
199
260
82
8
157
137
22
0.058
0.15
0.15
0.202
0.1
0.3
-0.233
-0.217
-0.098
0.288
0.1
0.15
-0.102
-0.227
0.074
0.053
0.1
0.134
0.167
0.17
0.184
-0.053
0
,
111
1
44
28
66
232
22
231
204
197
198
14
52
56
114
115
184
117
164
166
167
163
165
173
292
160
161
264
111
69
177
21
176
168
169
227
234
236
180
178
185
181
55
174
158
274
263
44
0.15
-0.025
0.25
0.15
0.1
0.3
-0.128
0.1
-0.052
0.1
0.15
0.258
0.15
0.3
0.048
0.095
0.1
0.1
-0.012
-0.292
0.3
0.1
0.3
0.3
0.12
0.2
0.15
0.3
0.033
0.1
0.1
0.2
0.242
0.179
0.29
-0.1
0.218
0.1
0.083
0.016
0.1
0.133
0.2
-0.198
0
,
112
1
13
62
71
112
183
65
70
67
292
113
181
294
180
185
13
-0.206
-0.159
0.107
0.191
-0.124
-0.266
-0.021
0.066
0.2
0.15
0.2
0.1
0.104
0
,
113
1
20
219
185
190
251
136
218
198
71
184
172
64
67
181
183
55
174
292
176
180
294
20
0.089
0.3
0.046
-0.233
0.262
0.139
-0.111
-0.083
0.023
-0.295
0.15
0.28
0.3
0.1
0.098
0.018
-0.067
0.138
0.3
-0.197
0
,
114
1
9
3
194
231
115
174
4
13
234
199
9
0.1
-0.162
0.1
0.3
0.1
-0.267
-0.213
-0.006
-0.214
0
,
115
1
3
4
68
114
3
-0.246
-0.138
0.1
0
,
116
1
17
182
63
48
16
116
117
44
204
51
196
75
45
76
62
81
195
180
17
0.1
0.15
0.145
0.15
-0.275
0.1
0.1
-0.128
0.203
-0.055
-0.044
0.131
0.1
-0.16
0.122
-0.23
0.177
0
,
117
1
17
182
16
255
19
116
63
76
48
49
62
196
45
82
71
181
57
179
17
0.2
0.1
0.223
0.161
0.15
0.1
0.1
-0.153
-0.018
0.1
0.185
0.1
0.2
0.1
0.1
-0.083
0.1
0
,
118
1
17
182
16
255
19
116
63
76
48
49
62
196
45
82
71
181
57
179
17
0.2
0.1
0.223
0.161
0.15
0.1
0.1
-0.153
-0.018
0.1
0.185
0.1
0.2
0.1
0.1
-0.083
0.1
0
,
119
1
17
182
16
255
19
116
63
76
48
49
62
196
45
82
71
181
57
179
17
0.2
0.1
0.223
0.161
0.15
0.1
0.1
-0.153
-0.018
0.1
0.185
0.1
0.2
0.1
0.1
-0.083
0.1
0
,
120
1
17
182
16
255
19
116
63
76
48
49
62
196
45
82
71
181
57
179
17
0.2
0.1
0.223
0.161
0.15
0.1
0.1
-0.153
-0.018
0.1
0.185
0.1
0.2
0.1
0.1
-0.083
0.1
0
,
121
1
17
182
16
255
19
116
63
76
48
49
62
196
45
82
71
181
57
179
17
0.2
0.1
0.223
0.161
0.15
0.1
0.1
-0.153
-0.018
0.1
0.185
0.1
0.2
0.1
0.1
-0.083
0.1
0
,
122
1
17
182
16
255
19
116
63
76
48
49
62
196
45
82
71
181
57
179
17
0.2
0.1
0.223
0.161
0.15
0.1
0.1
-0.153
-0.018
0.1
0.185
0.1
0.2
0.1
0.1
-0.083
0.1
0
,
123
1
17
182
16
255
19
116
63
76
48
49
62
196
45
82
71
181
57
179
17
0.2
0.1
0.223
0.161
0.15
0.1
0.1
-0.153
-0.018
0.1
0.185
0.1
0.2
0.1
0.1
-0.083
0.1
0
,
124
1
17
182
16
255
19
116
63
76
48
49
62
196
45
82
71
181
57
179
17
0.2
0.1
0.223
0.161
0.15
0.1
0.1
-0.153
-0.018
0.1
0.185
0.1
0.2
0.1
0.1
-0.083
0.1
0
,
125
1
17
182
16
255
19
116
63
76
48
49
62
196
45
82
71
181
57
179
17
0.2
0.1
0.223
0.161
0.15
0.1
0.1
-0.153
-0.018
0.1
0.185
0.1
0.2
0.1
0.1
-0.083
0.1
0
,
126
1
9
257
255
249
85
227
132
127
128
217
9
0.1
0.1
0.15
0.3
0.15
0.3
0.1
-0.283
0.229
0
,
127
1
13
133
258
250
86
153
184
155
254
208
213
127
129
217
13
0.3
0.15
0.15
0.3
0.218
0.1
0.195
-0.187
0.1
0.1
-0.277
0.1
0.1
0
,
128
1
10
213
253
251
134
130
211
3
216
210
202
10
0.185
0.2
-0.02
0.2
0.2
0.138
0.1
0.2
0.08
0.081
0
,
129
1
13
208
4
210
254
252
131
135
212
222
189
127
86
215
13
-0.058
0.035
-0.121
0.1
-0.247
0.3
-0.168
0.002
0.1
0.162
0.1
-0.011
0.1
0
,
130
1
10
136
87
251
152
184
130
259
208
131
214
10
0.3
0.1
0.1
0.123
0.103
0.005
-0.154
-0.111
0.193
0.1
0
,
131
1
8
88
137
260
252
234
153
157
184
8
0.2
0.3
0.15
0.3
-0.096
0.123
0.1
0.1
0
,
132
1
4
126
85
132
249
4
-0.159
0.09
0.146
0.178
0
,
133
1
6
13
127
27
221
250
214
6
0.113
0.15
0.15
-0.062
-0.055
-0.268
0
,
134
1
14
136
3
255
247
235
156
199
78
128
253
210
216
152
251
14
0.294
0.1
0.1
0.216
0.291
-0.042
0.144
0.258
-0.09
0.1
0.1
0.1
-0.201
0.173
0
,
135
1
7
40
4
254
221
153
199
256
7
0.097
-0.265
0.1
0.1
-0.165
0.218
0.1
0
,
136
1
2
199
251
2
0.15
0.1
0
,
137
1
5
252
88
131
212
199
5
0.15
0.045
0.1
0.039
0.2
0
,
138
1
14
164
163
55
54
166
59
264
58
180
178
173
168
138
184
14
-0.154
-0.264
0.1
0.188
-0.104
0.27
0.1
-0.095
0.271
0.1
0.192
0.1
0.245
0.049
0
,
139
1
13
164
112
55
167
184
174
172
54
187
179
169
186
185
13
0.13
-0.219
-0.011
0.1
0.1
-0.032
-0.038
0.1
0.15
-0.013
0.205
0.1
-0.106
0
,
140
1
13
164
112
55
167
184
174
172
54
187
179
169
186
185
13
0.13
-0.219
-0.011
0.1
0.1
-0.032
-0.038
0.1
0.15
-0.013
0.205
0.1
-0.106
0
,
141
1
13
164
112
55
167
184
174
172
54
187
179
169
186
185
13
0.13
-0.219
-0.011
0.1
0.1
-0.032
-0.038
0.1
0.15
-0.013
0.205
0.1
-0.106
0
,
142
1
13
164
112
55
167
184
174
172
54
187
179
169
186
185
13
0.13
-0.219
-0.011
0.1
0.1
-0.032
-0.038
0.1
0.15
-0.013
0.205
0.1
-0.106
0
,
143
1
13
164
112
55
167
184
174
172
54
187
179
169
186
185
13
0.13
-0.219
-0.011
0.1
0.1
-0.032
-0.038
0.1
0.15
-0.013
0.205
0.1
-0.106
0
,
144
1
13
164
112
55
167
184
174
172
54
187
179
169
186
185
13
0.13
-0.219
-0.011
0.1
0.1
-0.032
-0.038
0.1
0.15
-0.013
0.205
0.1
-0.106
0
,
145
1
13
164
112
55
167
184
174
172
54
187
179
169
186
185
13
0.13
-0.219
-0.011
0.1
0.1
-0.032
-0.038
0.1
0.15
-0.013
0.205
0.1
-0.106
0
,
146
1
13
164
112
55
167
184
174
172
54
187
179
169
186
185
13
0.13
-0.219
-0.011
0.1
0.1
-0.032
-0.038
0.1
0.15
-0.013
0.205
0.1
-0.106
0
,
147
1
13
164
112
55
167
184
174
172
54
187
179
169
186
185
13
0.13
-0.219
-0.011
0.1
0.1
-0.032
-0.038
0.1
0.15
-0.013
0.205
0.1
-0.106
0
,
148
1
13
164
112
55
167
184
174
172
54
187
179
169
186
185
13
0.13
-0.219
-0.011
0.1
0.1
-0.032
-0.038
0.1
0.15
-0.013
0.205
0.1
-0.106
0
,
149
1
13
164
112
55
167
184
174
172
54
187
179
169
186
185
13
0.13
-0.219
-0.011
0.1
0.1
-0.032
-0.038
0.1
0.15
-0.013
0.205
0.1
-0.106
0
,
150
1
13
164
112
55
167
184
174
172
54
187
179
169
186
185
13
0.13
-0.219
-0.011
0.1
0.1
-0.032
-0.038
0.1
0.15
-0.013
0.205
0.1
-0.106
0
,
151
1
13
164
112
55
167
184
174
172
54
187
179
169
186
185
13
0.13
-0.219
-0.011
0.1
0.1
-0.032
-0.038
0.1
0.15
-0.013
0.205
0.1
-0.106
0
,
152
1
13
225
210
259
257
253
152
87
3
85
128
61
153
197
13
0.1
0.244
0.1
0.15
0.248
0.1
0.15
0.2
0.2
-0.291
-0.1
0.25
0.1
0
,
153
1
21
4
210
88
226
40
135
259
254
224
153
191
86
131
129
127
211
215
205
221
8
198
21
0.15
-0.054
0.3
-0.156
-0.159
0.15
0.1
0.285
0.15
0.1
0.133
0.25
0.088
-0.22
-0.164
0.285
-0.142
-0.294
-0.24
0.271
0.1
0
,
154
1
9
85
132
257
199
134
190
253
212
197
9
0.3
0.1
0.1
0.3
0.3
0.1
-0.143
0.104
-0.039
0
,
155
1
13
258
86
16
133
203
202
199
135
254
153
213
191
198
13
0.208
0.3
-0.219
-0.299
-0.275
-0.182
0.25
0.25
0.25
0.299
-0.219
0.1
-0.279
0
,
156
1
15
213
136
255
259
7
192
87
134
199
202
197
80
130
208
190
15
0.1
0.1
-0.156
0.1
0.1
-0.005
0.25
0.3
0.15
-0.263
0.1
-0.089
-0.156
0.1
-0.245
0
,
157
1
14
88
212
199
137
6
256
240
203
198
135
8
131
191
254
14
0.3
0.15
0.3
0.1
-0.065
0.1
0.244
0.1
0.1
0.3
-0.136
0.035
0.1
0.246
0
,
158
1
5
112
167
159
183
163
5
-0.031
0.237
0.1
-0.151
0.125
0
,
159
1
9
167
181
194
172
170
31
139
180
184
9
0.15
-0.288
-0.11
0.1
0.081
-0.128
-0.039
-0.286
0.3
0
,
160
1
13
60
174
173
111
177
69
161
70
168
169
181
274
184
13
-0.299
0.15
0.065
0.1
0.3
-0.191
0.3
-0.05
0.15
0.3
-0.055
-0.118
0.113
0
,
161
1
15
160
177
69
70
161
264
168
262
169
184
174
185
274
176
173
15
0.1
0.3
0.072
0.292
0.25
0.15
0.3
-0.047
0.15
0.1
0.051
-0.244
0.2
-0.295
0.111
0
,
162
1
10
164
173
163
64
170
159
228
264
183
181
10
-0.17
-0.184
0.25
0.15
0.051
-0.207
0.197
-0.274
0.144
0.2
0
,
163
1
9
162
60
170
172
164
180
171
184
167
9
0.3
-0.006
0.108
0.038
0.088
0.2
-0.291
-0.285
0.221
0
,
164
1
10
164
162
165
138
163
172
139
178
173
182
10
0.079
0.1
0.3
-0.04
0.1
0.1
0.221
-0.299
-0.174
0.1
0
,
165
1
8
164
162
163
172
159
178
167
169
8
0.15
0.25
0.25
0.1
0.1
0.072
0.1
-0.063
0
,
166
1
5
167
165
112
171
170
5
0.1
0.149
0.07
0.082
0.23
0
,
167
1
5
165
172
167
174
184
5
0.1
-0.167
0.063
-0.131
-0.077
0
,
168
1
11
159
64
162
171
164
170
262
167
173
184
174
11
0.286
0.2
-0.217
-0.082
0.266
0.104
0.1
0.119
0.297
0.2
0.1
0
,
169
1
5
26
179
171
184
174
5
0.152
0.139
0.088
0.25
0.15
0
,
170
1
3
244
240
225
3
0.2
-0.017
0.022
0
,
171
1
1
243
1
-0.105
0
,
172
1
16
54
172
178
186
159
173
59
64
58
57
139
181
292
174
274
180
16
0.031
0.1
0.2
0.177
-0.137
0.15
0.15
0.1
-0.233
0.056
-0.215
0.3
0.1
-0.231
-0.253
0.25
0
,
173
1
43
72
24
181
67
8
45
231
174
184
180
28
111
173
196
68
115
82
164
112
55
167
163
54
60
172
292
56
58
166
177
161
64
59
30
160
176
175
165
264
186
274
294
275
43
0.3
0.3
0.3
0.2
0.1
0.15
0.081
0.3
0.15
0.15
0.238
0.25
0.3
-0.228
0.284
0.1
0.1
0.3
-0.246
0.3
0.1
0.226
0.3
-0.298
0.15
0.15
0.1
0.1
-0.002
-0.192
0.1
-0.146
0.15
0.128
0.1
0.3
0.25
0.15
0.3
0.265
0.1
0.295
-0.051
0
,
174
1
37
181
25
24
180
28
173
68
72
196
56
114
112
55
167
163
165
172
264
294
59
54
187
161
177
184
111
67
63
176
175
275
186
239
174
263
274
185
37
0.3
0.3
0.1
0.3
0.1
0.15
0.2
0.3
-0.23
0.1
0.157
-0.14
0.3
0.3
-0.209
0.1
0.1
0.3
0.088
0.2
0.3
0.3
0.217
-0.106
0.3
-0.24
-0.262
-0.037
0.3
0.3
0.15
0.3
0.25
0.1
0.1
0.238
-0.29
0
,
175
1
3
176
174
262
3
0.241
-0.216
0.156
0
,
176
1
3
174
175
113
3
0.015
0.1
0.225
0
,
177
1
5
160
70
161
177
184
5
0.15
0.238
0.164
0.15
-0.16
0
,
178
1
17
72
82
81
62
138
54
186
172
66
178
57
187
139
164
179
185
180
17
0.15
0.25
0.1
-0.036
-0.078
0.014
0.125
0.1
0.25
-0.254
-0.161
-0.176
0.064
-0.089
0.2
0.15
0.016
0
,
179
1
21
16
82
72
81
117
178
179
67
163
56
274
263
186
167
58
64
181
184
185
187
294
21
0.15
0.15
-0.009
0.15
0.1
0.15
0.1
0.15
0.253
-0.153
-0.052
0.1
-0.121
0.1
0.173
-0.242
0.1
-0.12
0.1
-0.202
0.185
0
,
180
1
18
28
237
243
66
204
197
195
1
112
182
263
65
70
180
163
185
294
181
18
0.1
-0.204
-0.108
0.25
-0.025
0.1
0.2
0.107
-0.063
0.3
0.285
0.067
0.15
0.15
0.1
0.3
0.2
-0.062
0
,
181
1
16
196
6
204
111
28
45
65
71
56
178
174
172
221
185
186
293
16
0.15
0.102
-0.032
0.1
0.259
-0.082
0.192
0.086
-0.052
-0.222
-0.25
0.047
0.1
0.15
-0.237
0.3
0
,
182
1
11
48
116
11
63
15
70
71
182
62
163
183
11
0.3
0.136
0.083
0.1
0.107
0.183
-0.013
0.1
-0.035
0.013
0.3
0
,
183
1
11
49
166
181
65
112
183
63
178
117
64
59
11
0.3
0.163
0.1
-0.164
0.096
-0.11
0.1
-0.237
0.263
-0.07
-0.143
0
,
184
1
19
253
244
2
127
87
72
179
247
263
160
177
158
184
139
173
186
187
176
294
19
-0.051
-0.28
0.1
0.15
0.027
-0.177
0.181
0.095
-0.103
0.15
-0.287
-0.028
0.251
0.1
0.1
-0.218
0.1
-0.144
0.198
0
,
185
1
22
198
252
218
113
117
164
292
187
186
64
178
185
173
56
179
163
217
251
59
174
294
293
22
0.248
0.15
0.1
0.063
0.189
0.197
0.2
0.15
0.1
0.099
0.3
0.138
0.259
-0.17
0.241
0.1
0.173
-0.116
-0.169
0.288
0.3
0.1
0
,
186
1
13
232
164
163
167
294
71
138
186
160
179
139
275
59
13
-0.293
0.092
0.1
-0.146
0.1
-0.02
-0.144
0.114
0.1
-0.114
0.109
-0.022
-0.134
0
,
187
1
11
186
139
187
262
57
172
174
179
178
275
294
11
0.1
0.1
0.1
0.1
0.143
0.127
-0.289
0.1
0.015
0.18
0.1
0
,
188
1
36
21
19
199
5
75
52
248
190
206
189
247
210
207
26
28
54
136
204
255
3
7
259
245
246
46
80
77
211
88
78
208
200
14
111
44
87
36
0.3
0.3
0.3
0.3
0.15
0.3
0.3
0.2
0.15
0.3
0.3
0.3
0.15
0.091
0.25
0.1
0.1
0.25
0.3
0.14
0.276
0.262
0.3
0.2
0.15
0.3
0.15
0.3
0.26
-0.094
-0.254
0.241
-0.203
-0.282
0.25
0.096
0
,
189
1
40
20
22
6
199
247
260
206
191
188
76
210
157
248
23
53
137
256
204
207
4
79
198
245
246
244
227
40
28
213
211
181
88
189
111
45
196
235
209
208
236
40
0.3
0.3
0.3
0.3
0.3
-0.273
-0.163
0.25
0.3
0.131
0.3
0.134
0.3
-0.175
0.3
0.1
0.3
0.15
0.1
0.251
0.3
0.1
0.3
0.15
-0.067
0.1
0.022
0.15
0.152
0.3
0.1
-0.094
0.071
0.1
0.1
0.182
0.268
-0.273
-0.022
0.247
0
,
190
1
32
19
199
52
259
113
87
5
200
14
188
85
257
251
152
246
197
17
80
18
205
214
46
132
191
233
237
240
217
245
190
239
235
32
0.3
0.3
0.3
0.25
0.276
0.14
0.091
0.3
0.3
0.1
0.1
0.25
0.262
0.3
-0.19
0.15
0.1
0.3
0.2
0.25
0.056
-0.203
-0.026
0.15
0.1
0.2
-0.133
0.235
0.259
0.012
-0.268
0.023
0
,
191
1
29
20
113
205
53
199
259
260
13
201
247
79
17
210
153
218
217
198
189
214
80
258
236
242
238
191
240
234
245
246
29
0.3
0.15
0.3
0.3
0.3
0.217
0.25
0.3
0.298
0.061
0.3
0.1
-0.199
0.3
-0.112
-0.044
0.2
-0.265
-0.238
-0.146
-0.127
0.137
0.1
-0.132
-0.169
0.1
0.076
-0.291
-0.216
0
,
192
1
17
87
88
85
255
1
134
240
254
86
253
156
193
222
133
24
155
8
17
0.3
0.15
0.3
0.2
0.15
0.146
0.154
0.122
0.3
-0.291
0.1
0.15
0.103
-0.257
0.259
-0.171
-0.169
0
,
193
1
22
21
200
87
231
232
88
157
154
256
1
8
86
85
14
24
222
155
133
192
253
254
223
22
0.1
-0.081
0.2
0.233
0.1
0.15
0.1
0.1
0.15
-0.259
0.1
0.3
0.2
0.097
0.1
0.0
-0.207
-0.145
-0.141
0.137
0.1
0.265
0
,
194
1
13
174
259
173
17
222
18
68
79
1
72
15
158
194
13
0.3
0.15
0.2
-0.052
0.175
0.1
-0.144
0.269
0.289
0.284
0.131
-0.182
-0.22
0
,
195
1
9
116
15
24
62
196
81
11
3
13
9
0.2
0.1
0.082
-0.128
0.199
0.029
0.043
-0.012
0.224
0
,
196
1
16
183
256
16
74
117
86
67
8
62
76
51
65
12
43
2
221
16
0.15
-0.188
0.1
0.15
0.2
0.273
0.188
-0.18
0.115
-0.268
0.123
-0.224
0.2
0.187
0.117
-0.194
0
,
197
1
24
113
190
14
75
255
5
224
28
185
21
80
204
180
7
79
3
4
70
66
218
198
215
259
257
24
0.3
0.196
-0.259
0.1
0.2
0.15
-0.121
0.107
0.252
0.1
0.25
0.047
0.1
0.001
-0.292
0.3
0.3
0.096
-0.175
-0.14
0.3
0.1
-0.097
0.1
0
,
198
1
17
6
185
113
5
191
256
13
79
221
74
204
181
4
3
229
258
218
17
0.3
0.15
0.3
0.096
0.2
0.25
0.15
0.3
0.1
-0.113
-0.231
0.1
0.2
0.3
0.086
0.1
-0.254
0
,
199
1
24
191
6
137
259
252
136
197
157
203
134
202
86
155
132
85
185
217
135
249
154
3
219
241
19
24
0.159
0.1
0.2
0.206
0.099
0.15
-0.168
0.15
-0.126
0.3
0.273
0.022
0.1
0.1
0.246
0.122
0.025
0.3
-0.004
0.134
0.1
0.235
0.014
0.109
0
,
200
1
26
14
116
193
21
225
70
205
226
210
227
200
248
245
69
188
224
190
201
27
195
1
44
13
192
218
233
26
0.3
0.1
0.2
0.3
0.3
0.15
0.3
0.15
0.1
0.25
0.1
0.226
0.1
0.1
0.1
0.3
-0.07
0.1
0.184
0.15
0.2
0.013
-0.09
-0.01
0.1
-0.15
0
,
201
1
25
192
13
226
22
111
205
14
224
70
225
245
246
200
193
218
227
71
69
61
188
196
65
2
211
234
25
0.2
0.3
0.3
0.3
-0.195
0.3
0.2
0.3
0.1
0.3
-0.082
0.1
0.1
-0.042
0.1
0.15
0.058
-0.136
0.15
-0.123
0.25
-0.135
0.3
-0.286
0.204
0
,
202
1
18
132
184
136
44
251
199
85
249
7
1
227
87
130
133
126
202
203
214
18
0.3
0.15
0.3
0.15
0.3
0.3
0.15
0.25
0.15
0.1
0.15
0.1
0.25
-0.135
0.15
0.15
0.052
-0.267
0
,
203
1
18
127
256
8
133
88
137
131
196
252
199
2
250
231
184
157
215
79
214
18
0.3
0.3
0.1
0.3
-0.251
0.3
0.3
0.123
0.2
0.3
0.2
0.3
-0.229
0.3
0.15
0.007
-0.179
0.1
0
,
204
1
21
197
5
11
65
6
76
66
256
255
188
74
221
19
111
44
198
28
40
7
116
180
21
0.25
0.15
-0.281
0.1
0.3
0.3
0.25
0.15
0.096
0.15
0.1
-0.117
0.08
0.15
0.15
0.1
-0.234
-0.195
-0.159
-0.089
0.054
0
,
205
1
19
231
217
246
201
218
259
190
205
211
210
245
191
85
71
153
114
173
67
247
19
0.15
0.1
0.25
0.1
-0.077
-0.25
0.15
-0.033
0.1
0.093
0.15
0.134
0.1
0.229
0.276
0.214
0.1
0.185
0.175
0
,
206
1
16
189
88
247
188
210
3
246
5
193
69
207
78
242
232
240
225
16
0.248
-0.113
0.3
0.2
-0.266
-0.232
-0.062
-0.137
-0.084
0.15
0.3
-0.22
-0.198
0.15
0.213
-0.252
0
,
207
1
12
188
189
113
248
224
192
20
79
2
3
245
232
12
0.25
0.1
-0.138
0.25
0.1
0.15
0.238
0.003
-0.079
-0.283
-0.172
0.15
0
,
208
1
30
188
248
205
239
189
128
213
87
259
152
256
251
207
25
221
155
130
258
209
127
211
129
63
222
217
154
245
238
210
212
30
0.3
0.1
0.113
-0.243
0.3
0.3
0.3
0.3
0.3
0.3
0.128
0.1
-0.106
-0.031
-0.236
0.25
0.3
0.15
-0.222
0.2
0.15
0.25
0.021
0.189
-0.271
0.224
0.1
0.054
0.156
-0.154
0
,
209
1
25
205
247
189
212
260
188
210
153
88
131
252
26
220
253
24
154
257
129
217
126
117
213
246
233
225
25
-0.225
0.1
0.3
0.3
0.3
0.3
0.25
0.3
0.15
0.3
0.281
-0.097
0.172
-0.151
0.054
0.3
0.2
0.15
-0.279
0.205
-0.181
0.1
0.051
-0.235
0.291
0
,
210
1
30
206
188
200
205
189
153
3
4
254
244
245
221
220
223
219
233
236
70
129
152
211
135
134
128
201
260
69
239
212
216
30
0.15
0.3
0.25
0.2
0.3
0.2
0.25
-0.276
-0.165
-0.251
0.2
0.3
0.1
0.1
0.2
0.1
0.1
-0.033
0.2
0.2
0.25
0.077
0.15
0.1
0.3
-0.193
0.006
0.136
-0.118
-0.22
0
,
211
1
29
188
189
200
210
23
4
153
207
221
205
256
254
244
245
246
218
219
16
223
128
222
129
134
212
201
70
190
86
213
29
0.3
0.3
0.3
0.25
0.15
0.3
-0.186
0.15
0.2
0.3
0.15
-0.189
0.1
-0.059
0.041
0.3
-0.172
-0.055
0.063
0.25
-0.153
0.046
0.194
-0.019
0.3
-0.295
0.147
0.061
-0.245
0
,
212
1
20
206
189
260
188
210
157
209
17
257
252
128
211
208
152
85
126
129
131
226
236
20
0.15
0.3
0.2
0.3
0.1
0.15
0.3
0.1
0.3
0.155
0.3
0.2
0.186
0.15
0.3
0.1
0.15
-0.285
0.005
-0.281
0
,
213
1
26
207
210
129
208
127
189
188
212
128
209
221
259
258
251
156
243
224
87
153
191
86
213
130
248
235
227
26
-0.25
0.1
0.3
0.3
0.3
0.3
0.3
0.277
0.1
0.195
0.3
0.15
0.25
0.13
0.3
-0.052
0.1
-0.02
0.2
-0.075
0.144
0.1
0.256
0.1
-0.292
0.099
0
,
214
1
15
214
245
248
137
246
242
241
258
133
194
191
217
132
153
154
15
-0.199
0.256
0.015
0.256
0.15
0.3
0.15
-0.096
0.1
0.2
-0.096
0.3
0.1
-0.172
0.174
0
,
215
1
13
137
135
252
251
249
132
136
129
133
152
154
126
217
13
0.2
0.15
0.093
0.1
0.15
0.3
0.15
0.15
0.3
0.15
0.1
0.297
0.15
0
,
216
1
18
199
134
133
137
252
251
250
132
223
157
153
136
210
128
155
216
3
217
18
0.2
0.3
0.25
0.25
0.1
0.15
-0.197
0.2
0.1
0.1
0.1
0.2
0.1
0.15
-0.226
0.15
-0.08
-0.175
0
,
217
1
18
185
205
199
243
137
252
251
244
245
247
133
132
215
134
135
136
208
227
18
0.1
0.1
0.3
0.3
0.25
-0.288
0.1
0.2
0.009
0.1
0.1
-0.141
0.24
0.1
0.205
0.221
-0.199
0.263
0
,
218
1
13
231
225
17
113
193
200
201
185
14
46
70
69
227
13
0.1
0.2
-0.116
0.3
0.15
-0.019
-0.057
-0.141
0.178
-0.227
-0.114
0.239
0.035
0
,
219
1
10
192
201
185
226
200
113
13
224
210
225
10
0.223
0.2
0.2
0.25
0.1
0.3
0.2
0.258
-0.219
-0.13
0
,
220
1
2
223
85
2
0.2
-0.226
0
,
221
1
16
183
256
254
244
239
16
116
61
45
204
135
4
86
117
222
223
16
-0.187
0.3
0.15
0.2
-0.202
0.1
-0.258
0.159
0.25
0.115
-0.247
0.1
0.236
-0.165
0.096
-0.189
0
,
222
1
18
232
208
87
223
156
130
132
26
198
210
129
85
154
86
218
3
245
240
18
-0.03
-0.213
0.15
0.079
-0.012
0.245
0.018
0.233
0.15
0.1
0.019
0.013
0.27
0.15
0.089
-0.292
-0.254
0.1
0
,
223
1
16
232
88
157
87
253
240
85
220
207
70
197
155
3
210
216
86
16
0.15
0.2
-0.24
0.2
0.25
-0.231
0.3
0.15
0.1
0.289
0.15
0.1
0.1
0.118
0.15
-0.193
0
,
224
1
12
243
200
207
14
171
221
13
70
69
81
232
241
12
0.2
0.064
0.3
0.1
0.15
0.1
0.15
0.208
0.104
0.025
0.015
0.1
0
,
225
1
12
170
244
111
206
13
3
231
14
200
69
226
189
12
0.3
0.3
-0.217
0.15
0.25
-0.161
-0.054
0.1
0.15
0.1
0.15
-0.064
0
,
226
1
16
26
242
201
192
200
17
13
46
111
222
170
69
247
227
244
228
16
0.2
0.3
0.3
-0.024
0.3
0.1
0.221
0.1
0.1
0.175
0.283
-0.014
0.1
0.156
0.257
0.1
0
,
227
1
10
241
200
201
245
218
227
27
14
111
243
10
0.25
0.2
0.3
0.25
0.204
-0.157
0.1
-0.255
0.179
0.15
0
,
228
1
10
184
111
60
226
71
61
59
67
117
173
10
0.154
0.189
0.3
0.018
0.3
-0.178
-0.139
-0.08
-0.267
0.1
0
,
229
1
4
68
71
60
59
4
0.215
0.25
0.1
0.15
0
,
230
1
5
60
71
61
117
173
5
0.2
0.15
0.1
-0.082
0.1
0
,
231
1
5
232
24
56
82
234
5
0.2
-0.139
0.141
0.131
-0.158
0
,
232
1
3
184
236
237
3
0.2
-0.131
-0.211
0
,
233
1
9
256
241
25
221
254
188
14
70
240
9
-0.173
0.15
0.203
0.239
0.1
0.1
-0.108
0.103
0.02
0
,
234
1
11
3
13
189
247
85
253
26
242
22
137
246
11
-0.008
-0.137
0.15
0.271
0.1
-0.076
-0.138
0.25
0.086
0.154
-0.02
0
,
235
1
9
87
207
189
253
213
211
241
239
237
9
-0.274
0.2
0.3
-0.118
0.128
-0.252
0.1
0.1
-0.271
0
,
236
1
11
206
88
188
221
256
254
13
242
212
240
69
11
0.15
0.2
0.276
-0.058
0.137
0.1
0.233
0.074
0.1
-0.201
0.223
0
,
237
1
5
85
224
154
126
239
5
0.282
0.18
0.25
0.149
0.1
0
,
238
1
12
210
13
232
213
254
224
86
155
222
239
241
240
12
0.169
0.173
0.283
0.264
0.165
0.21
-0.141
-0.118
0.3
0.1
-0.252
-0.219
0
,
239
1
16
260
221
213
245
231
207
259
173
253
224
156
8
243
247
241
240
16
0.1
-0.106
0.062
0.25
-0.144
0.059
0.194
0.2
0.199
-0.089
0.25
-0.284
-0.248
-0.24
0.191
-0.23
0
,
240
1
12
174
157
260
259
246
3
85
212
14
254
69
241
12
0.25
0.15
0.264
0.15
0.1
-0.186
-0.137
-0.15
0.1
-0.028
-0.028
0.193
0
,
241
1
15
21
111
66
75
254
243
5
233
192
207
227
27
86
70
242
15
0.3
0.2
0.15
0.02
0.1
-0.055
-0.117
-0.01
0.15
0.216
-0.019
0.1
0.243
0.149
-0.081
0
,
242
1
20
65
111
26
24
22
193
3
244
189
234
85
260
213
226
225
253
192
188
6
246
20
0.1
0.2
0.15
0.076
0.3
0.1
-0.026
0.2
-0.105
-0.055
0.15
0.226
-0.185
0.199
0.1
-0.276
-0.057
-0.29
0.1
0.154
0
,
243
1
14
5
111
21
171
75
15
7
241
87
253
62
237
3
66
14
0.3
0.15
0.3
0.2
0.1
0.15
0.1
0.1
0.223
-0.268
0.221
0.045
0.171
0.068
0
,
244
1
15
65
111
170
22
6
8
256
254
88
225
45
173
189
221
210
15
0.1
0.2
0.3
0.2
0.15
0.1
0.1
0.1
0.084
-0.149
0.1
0.1
0.281
0.247
0.1
0
,
245
1
22
248
241
188
200
193
227
14
207
189
192
153
201
258
205
25
239
191
223
246
152
257
214
22
0.15
-0.105
0.3
0.2
0.25
0.3
0.3
0.2
0.3
0.25
0.15
0.3
0.25
-0.266
0.05
-0.151
-0.223
-0.121
0.2
0.3
0.1
0.29
0
,
246
1
23
247
13
201
226
192
193
189
206
88
188
214
200
70
205
245
210
257
152
22
211
153
217
27
23
0.3
0.3
0.3
0.3
0.2
0.15
0.3
0.25
-0.142
0.3
0.078
0.3
0.1
0.2
-0.224
0.195
-0.294
0.3
0.1
0.266
0.08
-0.144
-0.211
0
,
247
1
25
205
189
188
200
153
191
217
201
26
260
193
248
226
80
111
246
206
14
218
225
5
21
77
27
2
25
0.101
0.3
0.3
0.3
0.25
0.247
0.082
0.206
-0.006
0.15
0.2
-0.218
0.027
-0.192
0.289
0.25
0.029
0.3
-0.02
0.15
-0.16
0.084
0.13
0.1
-0.061
0
,
248
1
20
188
259
207
189
245
13
153
201
70
4
152
190
193
258
191
247
205
1
87
192
20
0.3
0.25
0.1
0.3
0.3
0.1
0.2
0.1
-0.165
-0.253
0.2
0.15
0.1
0.256
0.238
-0.125
-0.019
0.15
0.096
-0.031
0
,
249
1
5
184
81
132
85
126
5
0.15
0.15
0.2
0.15
0.1
0
,
250
1
6
127
86
133
82
135
258
6
0.1
0.1
0.2
0.212
0.039
0.032
0
,
251
1
8
213
136
113
1
87
130
128
134
8
0.15
0.3
-0.184
0.269
0.1
0.1
0.1
0.205
0
,
252
1
7
137
79
131
88
203
199
135
7
0.3
0.23
0.2
0.1
-0.019
-0.029
0.091
0
,
253
1
5
85
179
128
3
253
5
0.3
0.225
0.011
-0.096
-0.188
0
,
254
1
8
256
4
25
135
8
193
86
192
8
0.3
-0.149
0.034
0.1
0.15
0.1
0.3
0.201
0
,
255
1
17
28
204
259
197
188
253
87
15
255
1
134
5
179
18
111
44
52
17
0.1
0.2
0.041
0.15
0.1
0.3
-0.196
0.005
0.1
0.1
0.1
-0.238
-0.022
-0.192
-0.146
0.1
0.002
0
,
256
1
21
6
53
8
204
137
4
135
16
258
79
198
254
2
86
221
210
196
61
181
18
129
21
0.2
0.15
0.3
0.25
0.281
0.1
-0.081
0.2
-0.038
-0.291
0.15
0.3
0.063
0.1
0.1
0.136
0.1
0.127
0.249
0.163
-0.221
0
,
257
1
7
111
190
85
152
21
253
154
7
-0.197
0.15
0.15
0.1
0.1
0.133
0.196
0
,
258
1
5
205
250
2
86
127
5
0.078
-0.194
-0.218
0.119
-0.179
0
,
259
1
6
130
87
153
213
152
205
6
0.15
0.15
0.15
0.145
-0.221
0.073
0
,
260
1
8
212
191
6
199
252
198
88
205
8
-0.216
-0.296
0.1
0.1
-0.291
0.296
-0.101
0.251
0
,
261
1
8
212
191
6
199
252
198
88
205
8
-0.216
-0.296
0.1
0.1
-0.291
0.296
-0.101
0.251
0
,
262
1
13
54
292
58
56
55
264
30
57
160
181
59
274
263
13
0.3
0.071
-0.24
-0.055
0.3
0.3
-0.117
0.131
-0.013
-0.09
0.1
0.085
0.3
0
,
263
1
15
55
54
56
293
275
263
58
264
63
59
180
292
174
274
291
15
0.3
0.2
0.216
0.1
0.1
0.3
0.134
0.3
-0.171
-0.236
-0.021
0.1
0.1
0.277
-0.154
0
,
264
1
15
167
172
187
293
178
111
174
264
161
54
294
275
180
274
291
15
0.1
0.249
0.051
0.3
0.117
0.098
-0.061
0.3
-0.182
0.1
0.3
0.3
-0.275
0.289
0.15
0
,
265
1
15
167
172
187
293
178
111
174
264
161
54
294
275
180
274
291
15
0.1
0.249
0.051
0.3
0.117
0.098
-0.061
0.3
-0.182
0.1
0.3
0.3
-0.275
0.289
0.15
0
,
266
1
15
167
172
187
293
178
111
174
264
161
54
294
275
180
274
291
15
0.1
0.249
0.051
0.3
0.117
0.098
-0.061
0.3
-0.182
0.1
0.3
0.3
-0.275
0.289
0.15
0
,
267
1
15
167
172
187
293
178
111
174
264
161
54
294
275
180
274
291
15
0.1
0.249
0.051
0.3
0.117
0.098
-0.061
0.3
-0.182
0.1
0.3
0.3
-0.275
0.289
0.15
0
,
268
1
15
167
172
187
293
178
111
174
264
161
54
294
275
180
274
291
15
0.1
0.249
0.051
0.3
0.117
0.098
-0.061
0.3
-0.182
0.1
0.3
0.3
-0.275
0.289
0.15
0
,
269
1
15
167
172
187
293
178
111
174
264
161
54
294
275
180
274
291
15
0.1
0.249
0.051
0.3
0.117
0.098
-0.061
0.3
-0.182
0.1
0.3
0.3
-0.275
0.289
0.15
0
,
270
1
15
167
172
187
293
178
111
174
264
161
54
294
275
180
274
291
15
0.1
0.249
0.051
0.3
0.117
0.098
-0.061
0.3
-0.182
0.1
0.3
0.3
-0.275
0.289
0.15
0
,
271
1
15
167
172
187
293
178
111
174
264
161
54
294
275
180
274
291
15
0.1
0.249
0.051
0.3
0.117
0.098
-0.061
0.3
-0.182
0.1
0.3
0.3
-0.275
0.289
0.15
0
,
272
1
15
167
172
187
293
178
111
174
264
161
54
294
275
180
274
291
15
0.1
0.249
0.051
0.3
0.117
0.098
-0.061
0.3
-0.182
0.1
0.3
0.3
-0.275
0.289
0.15
0
,
273
1
15
167
172
187
293
178
111
174
264
161
54
294
275
180
274
291
15
0.1
0.249
0.051
0.3
0.117
0.098
-0.061
0.3
-0.182
0.1
0.3
0.3
-0.275
0.289
0.15
0
,
274
1
8
263
274
59
64
174
173
172
293
8
0.15
0.198
-0.249
-0.216
0.1
0.1
0.1
0.1
0
,
275
1
12
184
172
274
292
173
111
293
69
275
264
55
181
12
0.128
0.224
-0.112
0.1
-0.055
0.1
0.1
0.082
0.2
0.15
0.014
-0.076
0
,
276
1
12
184
172
274
292
173
111
293
69
275
264
55
181
12
0.128
0.224
-0.112
0.1
-0.055
0.1
0.1
0.082
0.2
0.15
0.014
-0.076
0
,
277
1
12
184
172
274
292
173
111
293
69
275
264
55
181
12
0.128
0.224
-0.112
0.1
-0.055
0.1
0.1
0.082
0.2
0.15
0.014
-0.076
0
,
278
1
12
184
172
274
292
173
111
293
69
275
264
55
181
12
0.128
0.224
-0.112
0.1
-0.055
0.1
0.1
0.082
0.2
0.15
0.014
-0.076
0
,
279
1
12
184
172
274
292
173
111
293
69
275
264
55
181
12
0.128
0.224
-0.112
0.1
-0.055
0.1
0.1
0.082
0.2
0.15
0.014
-0.076
0
,
280
1
12
184
172
274
292
173
111
293
69
275
264
55
181
12
0.128
0.224
-0.112
0.1
-0.055
0.1
0.1
0.082
0.2
0.15
0.014
-0.076
0
,
281
1
12
184
172
274
292
173
111
293
69
275
264
55
181
12
0.128
0.224
-0.112
0.1
-0.055
0.1
0.1
0.082
0.2
0.15
0.014
-0.076
0
,
282
1
12
184
172
274
292
173
111
293
69
275
264
55
181
12
0.128
0.224
-0.112
0.1
-0.055
0.1
0.1
0.082
0.2
0.15
0.014
-0.076
0
,
283
1
12
184
172
274
292
173
111
293
69
275
264
55
181
12
0.128
0.224
-0.112
0.1
-0.055
0.1
0.1
0.082
0.2
0.15
0.014
-0.076
0
,
284
1
12
184
172
274
292
173
111
293
69
275
264
55
181
12
0.128
0.224
-0.112
0.1
-0.055
0.1
0.1
0.082
0.2
0.15
0.014
-0.076
0
,
285
1
12
184
172
274
292
173
111
293
69
275
264
55
181
12
0.128
0.224
-0.112
0.1
-0.055
0.1
0.1
0.082
0.2
0.15
0.014
-0.076
0
,
286
1
12
184
172
274
292
173
111
293
69
275
264
55
181
12
0.128
0.224
-0.112
0.1
-0.055
0.1
0.1
0.082
0.2
0.15
0.014
-0.076
0
,
287
1
12
184
172
274
292
173
111
293
69
275
264
55
181
12
0.128
0.224
-0.112
0.1
-0.055
0.1
0.1
0.082
0.2
0.15
0.014
-0.076
0
,
288
1
12
184
172
274
292
173
111
293
69
275
264
55
181
12
0.128
0.224
-0.112
0.1
-0.055
0.1
0.1
0.082
0.2
0.15
0.014
-0.076
0
,
289
1
12
184
172
274
292
173
111
293
69
275
264
55
181
12
0.128
0.224
-0.112
0.1
-0.055
0.1
0.1
0.082
0.2
0.15
0.014
-0.076
0
,
290
1
12
184
172
274
292
173
111
293
69
275
264
55
181
12
0.128
0.224
-0.112
0.1
-0.055
0.1
0.1
0.082
0.2
0.15
0.014
-0.076
0
,
291
1
3
264
175
292
3
0.3
0.1
0.097
0
,
292
1
9
274
263
54
63
264
55
181
292
174
9
-0.13
0.1
-0.133
0.1
0.1
-0.197
-0.099
0.1
0.15
0
,
293
1
9
264
263
71
274
179
275
293
69
294
9
0.25
0.2
0.15
0.1
0.174
-0.083
0.15
0.166
0.1
0
,
294
1
6
264
159
158
31
179
275
6
0.3
0.3
0.3
0.1
0.1
0.3
0
,
295
1
6
264
159
158
31
179
275
6
0.3
0.3
0.3
0.1
0.1
0.3
0
,
296
1
6
264
159
158
31
179
275
6
0.3
0.3
0.3
0.1
0.1
0.3
0
,
297
1
6
264
159
158
31
179
275
6
0.3
0.3
0.3
0.1
0.1
0.3
0
,
298
1
6
264
159
158
31
179
275
6
0.3
0.3
0.3
0.1
0.1
0.3
0
,
299
1
6
264
159
158
31
179
275
6
0.3
0.3
0.3
0.1
0.1
0.3
0
,
300
1
6
264
159
158
31
179
275
6
0.3
0.3
0.3
0.1
0.1
0.3
0
,
301
1
6
264
159
158
31
179
275
6
0.3
0.3
0.3
0.1
0.1
0.3
0
,
302
1
6
264
159
158
31
179
275
6
0.3
0.3
0.3
0.1
0.1
0.3
0
,
